4.46990704536438
4.161409513155619
3.493250926335653
3.1574047168095905
3.108868810865614
3.06050730281406
2.9906929969787597
3.0100837734010484
2.9509661965899996
2.944627955224779
2.968249323632982
2.9204104714923433
2.9253989696502685
2.913657561937968
2.880135742823283
2.8704494794209796
2.859052538871765
2.8447207715776233
2.817916655540466
2.797229602601793
2.7875346581141156
2.770110074679057
2.718286403020223
2.742000068558587
2.6691256708568996
2.6879273838467066
2.666935329967075
2.6527387195163303
2.5766383038626777
2.557877699534098
2.488862795299954
2.464849752850003
2.3992812660005356
2.351912342177497
2.2874482697910734
2.236516455809275
2.1713619205686783
2.11622842947642
2.032847731643253
2.003040806452433
1.9558522515826755
1.9013493246502347
1.8403998136520385
1.79972794453303
1.768899028831058
1.6971302429835002
1.6449784053696526
1.6584380679660373
1.6043198770946927
1.5707307444678413
1.563858735561371
1.5182995425330268
1.4659835868411595
1.452461964554257
1.462435131602817
1.4547505855560303
1.3867508186234367
1.388599435488383
1.3578423301378886
1.3649005399809944
1.337435813744863
1.3279169691933526
1.3015095843209161
1.2814559578895568
1.286212228404151
1.2725293119748433
1.2535066419177585
1.2262781023979188
1.2478030893537733
1.2421004586749607
1.2018947905964321
1.1931257353888618
1.187590586476856
1.2138358169131809
1.2008280555407207
1.1809153603182898
1.1595344516966077
1.1332037852870094
1.1509488436910842
1.160182621743944
1.1828733682632446
1.140430846479204
1.126790968577067
1.1050261941221025
1.0900622732109493
1.1035099585851034
1.0932331773969861
1.104180023405287
1.1130784577793544
1.1235721978876325
1.1350592189364963
1.1233780536386702
1.1297501120302411
1.1646636856926813
1.1353092696931628
1.1391493770811292
1.1191901710298326
1.0852747599283854
1.1071523851818508
1.0565563751591576
1.0516356554296282
1.0693546387884352
1.0838882009188333
1.0612438493304783
1.0528963930077022
1.0560597823725806
1.0491815268993379
1.0434529980023701
1.0557232644822863
1.0279149532318115
1.016662582423952
0.9822736468580034
0.9947019120057424
1.0035853770044114
1.0477077470885383
1.0224497311645084
0.9960440172089471
1.0188282774554358
1.0535057471858131
1.0071945461961958
1.0254894733428954
0.973015750779046
0.9663770609431797
0.9472481105062697
0.9345809035831028
0.9702681707011329
1.017973964744144
0.9819260007805295
0.9451643248399099
0.9683379252751668
0.9774877674049801
0.948148348596361
0.9220289687315623
0.9485465738508436
0.9482946892579397
0.9842641088697646
0.9368725571367476
0.9313571823967828
0.9336243020163641
0.9413912640677558
0.93388917711046
0.9479899366696676
0.9353868914975061
0.9285964515474108
0.9392125580045912
0.9513430886798435
0.9401187777519227
0.9106342236200968
0.907428244749705
0.9207624150647058
0.9046912014484405
0.8888943539725409
0.9028101881345113
0.9182534045643277
0.921812942955229
0.9209276874860127
0.9446106102731493
0.9463661823007795
0.9090271671613057
0.906364091237386
0.907621830701828
0.9788417266474829
0.9408329659038119
0.8903043283356561
0.8840597497092353
0.9143548150857289
0.879631926616033
0.8770668903986613
0.9314225693543752
0.9209805170694987
0.9135927597681681
0.892196903626124
0.8960925572448306
0.9184672911961873
0.8655315306451585
0.8575375689400567
0.8548004759682549
0.8378261771466997
0.8345505323674943
0.8503407021363576
0.8707041660944621
0.8654175923930274
0.8533278114265865
0.8508879297309452
0.8511800958050622
0.8573986702495151
0.8645342588424683
0.876468175649643
0.8856979688008626
0.8939363121986389
0.8863612446520064
0.8756427711910671
0.8732768727673424
0.9496033622158898
0.8868033111095428
0.8415070573488871
0.8317476292451222
0.8371763222747379
0.8330756796730889
0.8226006825764974
0.8336514896816678
0.8600842045413123
0.8363881587982178
0.8326498104466332
0.8375147971842024
0.8640762594011094
0.8549582507875231
0.8471976439158122
0.8491319318612417
0.8528903663158417
0.9165240718258751
0.8816161202059851
0.8663530985514323
0.8234973417388068
0.8204205983214908
0.8197333263026343
0.8485911031564076
0.8422584560182359
0.8156124254067739
0.8102322558561961
0.8008482250902388
0.8058089170191023
0.8266904844178093
0.8238866223229302
0.8100333677397834
0.8010404421223535
0.8288534157805972
0.8702334211932288
0.8700884958108266
0.8532469265990787
0.8215931276480357
0.8213863326443567
0.8134774896833632
0.7971285985575782
0.7927798476484087
0.785448071691725
0.7927788999345567
0.7984854267703162
0.8108034008079105
0.8094289130634732
0.8085427231258816
0.8178394092453851
0.8294705238607195
0.8401249468326568
0.81916576690144
0.8021790193186866
0.7995219031969706
0.792800596025255
0.7874456723531087
0.7905866444110871
0.8058854851457807
0.8094905826780531
0.7960190991560618
0.78515888121393
0.7989850136968825
0.8670953280395932
0.8550588978661431
0.8280488206280603
0.8066071715619829
0.7901061912377675
0.7857970098654429
0.7936412201987373
0.7930168602201674
0.7947765436437395
0.7951728946632809
0.7988512304094103
0.7990219685766432
0.7783825894196829
0.7789911813206143
0.776045255528556
0.7814515001244016
0.7761608064174652
0.7770607928435008
0.7748731043603685
0.7692571547296312
0.7732684751351674
0.7813603758811951
0.7770416571034325
0.7831326968140072
0.7746522929933336
0.7763449980152978
0.7729855848683251
0.7736542701721192
0.7788197120030721
0.7818768640359243
0.7765536136097378
0.7780676649676429
0.7758132186200883
0.7696435405148401
0.7661153866185082
0.7677304552661048
0.7666177173455556
0.7729156917995876
0.7797813428772821
0.7950527442826165
0.781818546851476
0.7781251245074802
0.7690581871403588
0.7649679025014241
0.765058512157864
0.7671220858891805
0.7678181635008918
0.7657980647352006
0.761597192949719
0.7610501382086012
0.7584504584471384
0.7560372796323565
0.7656853589746687
0.7820756375789643
0.7694740924570296
0.7655833681424459
0.7697565548949772
0.7596269766489665
0.7590816424952613
0.7567583474848005
0.7546907133526273
0.7560136179129283
0.755771353509691
0.7508993089199066
0.7588571323288812
0.7599410401450263
0.7616089933448368
0.7584959487120311
0.7551153441270192
0.754974592394299
0.7577160855134328
0.7583069801330566
0.7550819502936469
0.7542890853352017
0.7546355293856727
0.7506181531482272
0.7512771348158519
0.7503589544031355
0.7463080492284563
0.7483778761492835
0.7502728435728285
0.7491091430187226
0.751330499516593
0.7566480696201324
0.7561751246452332
0.7516779926088121
0.7504783001210954
0.7698522753185696
0.7766181740495893
0.760307635863622
0.7524681594636705
0.7488219843970405
0.7481234179602729
0.7474450197484758
0.7525734557045831
0.757998737361696
0.7566251006391314
0.7527452727158864
0.7478202223777771
0.7460498359468248
0.7451135065820482
0.7443078630500369
0.7442630853917863
0.7416517251067691
0.7429286069340176
0.7407410621643067
0.7422160327434539
0.748024312655131
0.7473862893051572
0.7461422450012631
0.7444830920961168
0.7459199289480846
0.7476810620890724
0.7452562040752835
0.7423252006371815
0.7437421454323663
0.7506767524613275
0.7460172798898485
0.7441495623853471
0.7528668377134535
0.7492362320423126
0.7429096241792043
0.7454375829961565
0.7444131818082598
0.7405464351177216
0.7394324441750845
0.7402346260017819
0.739391733540429
0.7400953849156697
0.739990320470598
0.7382070283095042
0.737079096502728
0.7382079535060458
0.7385739584763845
0.7403789089785682
0.7388226350148519
0.7394816610548232
0.7382155319054922
0.7371125035815769
0.739996110730701
0.7395515243212382
0.7382597439818912
0.7392875803841485
0.7396061228381263
0.7379340238041348
0.7435758358902401
0.7375285784403484
0.736915883090761
0.7368473993407355
0.743103418747584
0.7421552730931176
0.7400656017992232
0.737873950931761
0.739264327287674
0.7380365318722195
0.738419344690111
0.7365231931209564
0.7393931474950578
0.7397857586542765
0.7446254087818993
0.7388485438293881
0.736892831325531
0.7357702679104275
0.7384808083375295
0.7355035675896539
0.7361785027715895
0.7409295227792528
0.7375097433725993
0.7377717236677805
0.7369889656702677
0.7358140183819665
0.735882560412089
0.7367308623260922
0.7385005546940697
0.7380609114964803
0.7357739388942719
0.7356304652161069
0.7349872920248244
0.7347334729300605
0.7353346162372165
0.7345431466897329
0.7352631741099888
0.7343918343385061
0.7380393339527977
0.7347116920683119
0.7357337454954783
0.7364117761452993
0.7359959443410238
0.734837081697252
0.7353342274824778
0.7358605186144511
0.7353783435291714
0.7349881788094839
0.7343648440308042
0.7351471106211345
0.7351467331250509
0.7355816046396891
0.734590021106932
0.7361249380641514
0.7345556471082899
0.7349138187037574
0.7349945823351542
0.7355551613701714
0.7342770172490014
0.7340179562568665
0.7355068160427941
0.7341570927037133
0.7347158882353041
0.7341770244969262
0.7341506308979459
0.7340437246693505
0.7348216884666019
0.735356369945738
0.7354574528005388
0.7338080498907301
0.7343479633331299
0.7341183125972748
0.7365050812562307
0.7339333037535349
0.7337759521272448
0.733893221616745
0.734193182653851
0.7339209536711375
0.7351941194799211
0.7344156821568807
0.7343215253618028
0.7338604516453213
0.7343219021956126
0.7354732599523333
0.7335930075910356
0.7339621378315819
0.7339722984366946
0.7339586112234328
0.7342151410049862
0.7347581949498918
0.7336661610338423
0.7361057672235701
0.7341792364915212
0.7338349461555481
0.7345982909202575
0.734759255250295
0.7340245915783776
0.7352628191312154
0.7341704222891066
0.7342090964317322
