0.7255374193191528
0.7259202599525452
0.7256267070770264
0.7255882024765015
0.8060129880905151
0.7252904772758484
0.7257709503173828
0.7259440422058105
0.7255295515060425
0.7867459654808044
0.7254161834716797
0.7258198261260986
0.7259494066238403
0.7265853881835938
0.7294245958328247
0.7341886758804321
0.7253934144973755
0.727414608001709
0.731712818145752
0.7255920171737671
0.7262731194496155
0.7304967045783997
0.7272803783416748
0.7259706258773804
0.8073758482933044
0.7257835865020752
0.7279857397079468
0.8028352856636047
0.7256677150726318
0.7256128191947937
0.7261961102485657
0.7589865922927856
0.7258431911468506
0.7260882258415222
0.7583863735198975
0.7260141968727112
0.7262411117553711
0.7574050426483154
0.7260324954986572
0.7351623773574829
0.7288976907730103
0.7256811261177063
0.7273352146148682
0.7259161472320557
0.725654661655426
0.7904326915740967
0.7265509366989136
0.7263197898864746
0.7261800765991211
0.7256554365158081
0.7258205413818359
0.7254260182380676
0.7255243062973022
0.7937731742858887
0.7263112664222717
0.7278887033462524
0.7254573106765747
0.7258500456809998
0.7264392375946045
0.7738817930221558
0.7257508039474487
0.726076602935791
0.7263473272323608
0.7264140248298645
0.7261474132537842
0.7254552245140076
0.7272796034812927
0.7254548668861389
0.7256448864936829
0.7256579399108887
0.7260840535163879
0.7269254326820374
0.7260202765464783
0.727420449256897
0.7254644632339478
0.7256340980529785
0.7255574464797974
0.7251444458961487
0.7254221439361572
0.7902554273605347
0.7257793545722961
0.7267900109291077
0.7266332507133484
0.7258079648017883
0.7273332476615906
0.7252585291862488
0.7262183427810669
0.7872585654258728
0.7257463932037354
0.7257388830184937