87.34860317847833
64.16189593017847
32.89270584446802
23.509502868852586
22.395696298390543
21.338379436645308
19.8994679855531
20.289099540921395
19.124422756491825
19.003590884393333
19.45782540570101
18.5488996918757
18.641662023814472
18.424062631012866
17.816691503479674
17.64494745845138
17.444990653547674
17.196756175363447
16.74193509645796
16.399151613399557
16.240930958383267
15.960390747995268
15.154331565737555
15.517991125053955
14.42734942463162
14.701174430823686
14.395783194277765
14.192855717522757
13.152847878227696
12.908392736319831
12.047567776625847
11.761714855081976
11.015256495481047
10.505640907335001
9.849771626527172
9.360666131095524
8.770220254164565
8.299775194837578
7.635800136269834
7.411558984514095
7.06994182597589
6.694921973624706
6.299056206304906
6.0480018486065505
5.86439327792999
5.458261011606984
5.1808980261627555
5.251102570414231
4.9744751974407
4.810161909009267
4.7772197525648865
4.564456927344752
4.331801848898841
4.273623082548165
4.316457883723791
4.283414986793409
4.0018262467845
4.009230932379505
3.8877956658519244
3.915333613470652
3.8092633109808856
3.773175555024878
3.674839963320918
3.601880095506878
3.6190524173333936
3.5698704691243166
3.5026038250561085
3.4085197372395855
3.482683402619084
3.4628794663386464
3.326413812820922
3.2973718279390516
3.2791708030148436
3.3663727080055588
3.3228673025267166
3.2573544917068276
3.1884485537233656
3.105590223134416
3.1611909632245143
3.190515880490628
3.263738665773261
3.128115812578221
3.0857383634586295
3.0193035557767613
2.974459295926974
3.0147290493195205
2.983905990726414
3.0167497901359135
3.043713931564945
3.0758220469949413
3.111357788748961
3.0752249517968604
3.0948830294513576
3.2048448667553715
3.1121358833958213
3.1241097952332977
3.0623732002994775
2.960253065930903
3.0257300015084545
2.8764485048917914
2.862329075350587
2.9134986341149363
2.9561513446682137
2.889963433657071
2.865939996910662
2.8750204359270226
2.8553131643985603
2.839003181134033
2.874053102886937
2.795231565908268
2.7639548822654527
2.6705211666279562
2.7039182155797064
2.7280453861768224
2.851108160889113
2.7799966736262465
2.707549594587122
2.7699472521018764
2.8676869016097792
2.737909152832565
2.788460003424336
2.645911850206662
2.6284046388714692
2.578603853750671
2.546146153373136
2.638651973632427
2.7675818614902963
2.669592931777518
2.573236190473177
2.6335636401756597
2.657770909181958
2.5809262563598727
2.514386830186461
2.5819542510482507
2.5813039784530907
2.6758420312944824
2.5519877291310302
2.5379513041266044
2.5437116705743508
2.5635455072102205
2.544385525682225
2.580517439240558
2.5481991436325906
2.5309543664419647
2.557966374922035
2.5891848298973685
2.5602855052261257
2.4858986491675252
2.4779416723894188
2.5112042402127415
2.4711687119053916
2.432438747732118
2.4665247796757765
2.504911499982247
2.5138437164848595
2.5116193073165456
2.5718117465148755
2.576330712802158
2.4819068780473668
2.4753061645965704
2.4784214135214473
2.661371859889039
2.562114683910534
2.4358708430208607
2.4207072504159766
2.4951648897245877
2.4100124816957833
2.403838633852598
2.5381172584664644
2.5117519986234087
2.49326416037462
2.4404852771938335
2.450011105111246
2.5054473243668784
2.376268810052789
2.3573487321280986
2.350905271679153
2.3113370743494985
2.3037783417490822
2.3404441104128875
2.3885922271314994
2.375998077561664
2.3474457248459437
2.3417252165100293
2.342409489128953
2.3570213222149863
2.3739002054405147
2.4023998509614977
2.424676149324199
2.444733972243159
2.426284911928604
2.4004177175566417
2.394745285906884
2.5846842725332366
2.427357728215171
2.3198605064697495
2.297330115340289
2.3098355286372283
2.3003831124014558
2.2764123718798706
2.3017080774486014
2.3633596909461736
2.308015717885178
2.2994036585992452
2.31061748233705
2.372813209413369
2.351276214595465
2.3330995066169264
2.3376167602943
2.346419070759648
2.5005834179440103
2.4147991602917234
2.3782218784230977
2.2784544532789903
2.2714550068102337
2.269894435671827
2.33635285185922
2.321604301628021
2.2605596726850408
2.2484301371044673
2.2274294889963375
2.2385065326693425
2.285741511552641
2.2793415840196447
2.247982995536659
2.227857680033444
2.2906907640724574
2.387468074134857
2.387122094482462
2.347255859782111
2.2741199164566868
2.2736496884422746
2.2557386711802483
2.219159673017738
2.2095300539554175
2.193389516335817
2.2095279599541713
2.2221727351122373
2.2497146834227104
2.246624602287676
2.2446345480848255
2.2655995122800845
2.292104804114921
2.3166564175800906
2.2686065012693546
2.2303957125834146
2.224477158802251
2.2095758985932292
2.1977754118597614
2.2046894156802366
2.2386779374830956
2.246763155033208
2.2166988820641347
2.192755300682581
2.2232831809182794
2.3799877200794595
2.3515128755869115
2.2888484266549916
2.24029414406785
2.20363042007356
2.1941550072146265
2.2114341024228352
2.210053802420917
2.2139462211702137
2.21482389493414
2.222985762680593
2.223365343599051
2.1779467810218227
2.179272665213679
2.1728621367679786
2.1846409718954822
2.173113227425954
2.175069880181266
2.1703167059823287
2.1581624773907926
2.1668369449777205
2.1844419072101875
2.1750282590076355
2.18831687215528
2.1698375282894697
2.17351353348896
2.166224054590602
2.167673061191349
2.178899018852395
2.1855704369910005
2.1739670096062222
2.177261000315462
2.1723580110453855
2.158996521815306
2.1513926714894174
2.1548701257495875
2.152473653616789
2.166072655834777
2.1809953231946544
2.214557798986144
2.185442984393076
2.1773861083249355
2.157733115721353
2.1489253984183283
2.149120120632117
2.1535595674460226
2.155059133893176
2.150710095818992
2.1416941890517767
2.1405228855044225
2.134965438401332
2.1298195964506847
2.1504677120612388
2.1860049137501365
2.158630715041364
2.1502483952539593
2.1592405332570785
2.1374787422838586
2.136313419896801
2.1313558947142703
2.126953583271614
2.1297692018531746
2.1292532970836584
2.1189047099365355
2.1358338496516716
2.138150151757498
2.1417194620385445
2.1350625607537053
2.1278569450027964
2.127557466527358
2.133398153125353
2.1346591391337837
2.127785888888959
2.1260995106420375
2.1268362127738754
2.1183090513880414
2.1197054382654135
2.117760059492284
2.1091985669135713
2.1135687641044094
2.1175777052666196
2.115114912172409
2.119818558730079
2.1311208662968077
2.1301132016959268
2.1205553090364027
2.118012820169703
2.1594472265677878
2.174107366403285
2.1389341321419937
2.1222315637287306
2.1145076258874496
2.113031017644243
2.1115980273044013
2.1224550385000573
2.1340012472852394
2.1310719171842765
2.122819743711781
2.112390453087096
2.1086540141384016
2.106680543518236
2.1049839934633896
2.104889739319763
2.0994002844418653
2.1020826827015306
2.0974893086609083
2.1005853263874967
2.1128216154370714
2.1114740158578065
2.108848881865618
2.105352880119462
2.1083801030159144
2.1120965126746776
2.106981183000584
2.1008146553806273
2.1037935037056377
2.1184331864804666
2.1085853657956393
2.104650799471174
2.1230778199749625
2.1153837371433672
2.1020427797601027
2.1073633796340148
2.105205699438354
2.097081120235062
2.0947462915915813
2.0964273331585903
2.094661014876455
2.096135444661673
2.0959152269231147
2.092180928390905
2.0898224213438468
2.09218286407036
2.0929487535485953
2.096729833757153
2.093469285519179
2.094849391004993
2.092198719527898
2.089892237372425
2.095927362852567
2.094995749138565
2.0922912220223764
2.094442860681339
2.095110135922001
2.0916098315309615
2.1034436518639645
2.0907619699143125
2.08948136212953
2.08933827150999
2.102450183708383
2.1004576994348874
2.0960730161453
2.091484186294469
2.0943941589656743
2.091824249403572
2.0926251798324556
2.0886610048401097
2.0946639766341866
2.095486526546798
2.1056525282857246
2.093523525529279
2.089433196450872
2.087088991191935
2.0927538041615077
2.0865324381082426
2.0879411876127953
2.097884640036889
2.090722590641819
2.0912703905165104
2.0896340723974682
2.0871803043169246
2.0873233687951234
2.0890948004522194
2.09279512883228
2.0918752479144516
2.087096652875966
2.08679723092259
2.085455490420032
2.084926229166431
2.0861799454088175
2.0845294507557424
2.0860309095995184
2.08421405956524
2.091830110871886
2.0848808181710243
2.0870127670537157
2.088428305511346
2.087560051137368
2.0851422569937155
2.0861791343966356
2.087277360942873
2.086271170402857
2.085457339770789
2.0841578067456
2.085788811623932
2.0857880242469733
2.086695271297944
2.0846271641489924
2.0878293506492165
2.084555508409237
2.085302270708063
2.085470694093156
2.086640092982034
2.08397476991055
2.0834349632635147
2.0865392161221026
2.0837248651690325
2.0848895666974516
2.0837663979560674
2.0837114005871835
2.0834886507667494
2.0851101601650526
2.086225328052892
2.086436220323426
2.0829976828968664
2.0841226250047056
2.0836440596638055
2.088623175637112
2.083258602743131
2.08293082440291
2.0831751029602827
2.083800068052543
2.083232874486605
2.085886864480295
2.084263764116257
2.0840675257588632
2.083106838490207
2.0840683111061167
2.0864692011981365
2.0825497984436554
2.0833186724502974
2.0833398403361914
2.083311325414645
2.0838458253685084
2.0849777733911514
2.0827021497036693
2.087789325589233
2.083771007241175
2.0830537085075975
2.084644403697777
2.084979984095097
2.083448787570208
2.0860301691029566
2.0837526405426754
2.0838332294478357