8.20079669085416
8.16176242539377
8.026044953953136
7.75183857570995
7.177726962349632
6.653224619952115
6.435809908491192
6.288219690322876
6.071666609157216
5.939334789911906
5.8450781937801475
5.732706633481112
5.630881128889142
5.692511096145168
5.504797617594401
5.391968828259093
5.486333847045898
5.493889945926088
5.333453055584069
5.377462524356264
5.260685060963486
5.255742744965986
5.222614692919182
5.135934945308801
5.141492229519469
5.16016631415396
5.111129348928278
5.042817722667348
4.91882878000086
4.866807323513609
4.690761692596205
4.651092724366621
4.599770397850961
4.524012825705788
4.421441013162786
4.384602033730709
4.295784722674977
4.152178919676579
4.050356987750892
4.001092964952642
3.9318177555546616
3.782769405480587
3.6989599357951772
3.557215578628309
3.4891783793767295
3.33039391040802
3.248459635358868
3.0971430214968594
3.0524423375274194
2.924161184917797
2.8712471940300683
2.755924459659692
2.6343821070410987
2.5981173117955527
2.476963657321352
2.3794841441241177
2.261458917097612
2.212765437183958
2.1405404950633193
2.0746257467703386
2.000519508665258
1.9212588198257214
1.882931736382571
1.8142475359367602
1.7873939907912053
1.736746148629622
1.712510150490385
1.6861304279529687
1.663471980528398
1.6432015841657466
1.612442307399981
1.607227628881281
1.5864822972904553
1.575089004906741
1.559942906553095
1.549043792666811
1.551126696846702
1.5153708006396438
1.5167704025904338
1.496668689178698
1.523844063282013
1.4939379023783135
1.5108116377483716
1.479445634466229
1.464467162435705
1.4596649065162197
1.4632840879035718
1.471043996738665
1.4767596107540708
1.4346747001012166
1.4410534049525405
1.4545434912045796
1.4311717044223438
1.4750743833455173
1.4452352939230022
1.4649078141559253
1.4364872484496145
1.4297462900479634
1.4474717035438076
1.4341303019812612
1.4149104031649502
1.4105515371669421
1.4155219251459294
1.4101960370034883
1.425388565569213
1.4167869018785881
1.408579414541071
1.40413790399378
1.3927119121407017
1.3884906100504326
1.435057231874177
1.421265634623441
1.3911211255824927
1.4004662867748376
1.4069583849473433
1.3920021508679246
1.3904699538693284
1.397522211074829
1.3898756901423137
1.3942296504974365
1.3766727808750037
1.376111388206482
1.3710582003448948
1.3661990960439045
1.375089000571858
1.384850176897916
1.3830205816211123
1.3690748341155774
1.3635681795351433
1.3776614720171148
1.382627187353192
1.3892701195948052
1.3764150178793706
1.367873899864428
1.3720669096166438
1.3728295311783298
1.3744616237553684
1.3679413506478975
1.3700416864770832
1.3522114862095227
1.3763933777809143
1.3832601922931094
1.3678455045728972
1.3747714992725488
1.3726149201393127
1.3680789055246296
1.370050442941261
1.3684468865394592
1.3666722268769236
1.3609252301129429
1.3589281277223066
1.3756837086244063
1.3711367068868694
1.3694100867618213
1.3522363395401926
1.3676992456118267
1.3575512532031897
1.3643540234276743
1.3661317283456975
1.3822248921249851
1.3738575017813481
1.3605219252181775
1.372890040729985
1.3790092088959434
1.3900038347099766
1.367349301323746
1.347524971672983
1.3548401901216218
1.3520466956225308
1.3580900304245227
1.3596244544693918
1.3586633494406035
1.34799433296377
1.332674797737237
1.3295370557091453
1.339376738577178
1.3378909808216672
1.3679711150400566
1.3613615975235447
1.3555978753349998
1.3532394405567285
1.351601318879561
1.3627620574199792
1.3673362027515064
1.3687843987436006
1.363197142427618
1.3765119711558025
1.3742576963973767
1.365983329036019
1.3553271745190476
1.3522199446504766
1.3448235555128618
1.334950448888721
1.3350147460446213
1.3508752909573642
1.3478298476248076
1.3439531091487769
1.3507173260052998
1.3499466108553337
1.3425299019524546
1.3588793512546655
1.342387481169267
1.363264504707221
1.3637900605346218
1.3592905673113735
1.362592061360677
1.3456076419714726
1.3374975287553035
1.3323208743875676
1.3205469359051099
1.3380506399906043
1.3267782294388972
1.3190614779790242
1.3209330981427974
1.315596221071301
1.3136625813715386
1.3148389440594297
1.3164599032113047
1.3160851290731719
1.3441728841174732
1.3522810592795864
1.3548510670661926
1.347196385715947
1.3446555444688508
1.3434822667728772
1.3299363165190725
1.3322979681419604
1.343800055258202
1.3325463352781353
1.3212966720263164
1.3162148107181897
1.3136504852410518
1.3064723592815977
1.297414046345335
1.3021982745690779
1.3025178891239744
1.3007300243233189
1.296152449015415
1.2965233271772212
1.3033880230152246
1.3005537950631343
1.2963779839602383
1.2872272747935671
1.2931832779537549
1.3031866297577366
1.2985569220600706
1.2951283834197305
1.3007784088452656
1.2995438359000466
1.299707506642197
1.3070379026008374
1.3171837546608665
1.3170126008264946
1.3302848519700947
1.3181671048655654
1.3054212982004338
1.2983639059644756
1.2991867769848218
1.3011666319587014
1.2954510215556982
1.2942191037264736
1.29988463900306
1.2867265090797886
1.2784553152142148
1.2853199911840034
1.2898560346979084
1.2881006309480378
1.2757755608269663
1.2798855882702451
1.2829689564126912
1.2839593345468694
1.2870542081919583
1.2982268062504856
1.3110164602597554
1.292663341218775
1.2852486010753748
1.2911114638501948
1.2937577601635095
1.2909295703425552
1.2927452325820923
1.282415893944827
1.29505383607113
1.2974886298179626
1.286474549409115
1.2707621563564648
1.2695563272996382
1.263531612627434
1.2616802761048982
1.2649628971562241
1.2672872398838853
1.2625404180902424
1.2593532836798467
1.2591870987054072
1.2625762982801958
1.267641376365315
1.2792068394747647
1.2771915955977007
1.2735823194185893
1.2769521149722012
1.283704992496606
1.2770958055149426
1.2638642643437241
1.260939800378048
1.252811697396365
1.2535224665294995
1.2495470299865261
1.2515633955146328
1.2513077800924128
1.2602410081661108
1.2546154170325308
1.253652086763671
1.250756820042928
1.2486930850780371
1.2474860910213355
1.2476665901415276
1.2485344536376721
1.283973809444543
1.2745128310087956
1.28465858372775
1.2808610742742366
1.285410741964976
1.2829074426130815
1.2783036557110874
1.272603730360667
1.2633245840217129
1.2597163247339653
1.2495333335616372
1.2448498624743838
1.2445954084396362
1.2346496112418897
1.2364597699858926
1.2357471079537363
1.244720514976617
1.2391216086618828
1.2374812545198384
1.238590363300208
1.2342960997061296
1.239256961779161
1.2475229321104107
1.2559263615897207
1.2541433753389302
1.2443205985155972
1.2487752853017864
1.2531271324013218
1.2457443439599238
1.23676832336368
1.232016328609351
1.235154309056022
1.2428193561958545
1.2417770768656875
1.234489847313274
1.2345927917596065
1.2355813510490186
1.235828748255065
1.2342292937365444
1.2292487729679455
1.2301252610755689
1.2277157071864966
1.2291607025897864
1.227123377901135
1.2276503479841985
1.2281656048514626
1.2254227526260144
1.2310887033289128
1.2243838870164119
1.2281017646645054
1.2289357474355986
1.2295436190836357
1.2269032814285972
1.2266899834979663
1.2254369620120886
1.2248089494127217
1.2216829440810464
1.218422537500208
1.2204799308921352
1.2208679553234216
1.2230708400408428
1.2253812407002305
1.2359527132727883
1.229281237631133
1.2239129633614512
1.2256479516173855
1.2278380538478042
1.229638690298254
1.226330822164362
1.2235841317610308
1.2218339244524639
1.2210345394683606
1.220886710918311
1.2219083832971978
1.2241559462113814
1.2211971445517107
1.2173120758750222
1.2221201333132656
1.2175986550071023
1.2188238826665012
1.2165090983564204
1.2188836119391702
1.2176016316269382
1.2149780248150681
1.2166499224576084
1.2127911502664739
1.215743843353156
1.2161040902137756
1.214953969825398
1.2139490951191296
1.2141846436442751
1.2140072529966182
1.2145414045362761
1.2154156348922036
1.2150974761356006
1.2110682220169993
1.2123761682799368
1.2140327764279915
1.2127592816497341
1.2100425958633423
1.2127498695344636
1.2132957162279072
1.2134615020318464
1.21182468623826
1.2105466163519658
1.2111677093939348
1.2081918030074148
1.2087501269398313
1.2113986268188015
1.2081177704262012
1.2103526971556924
1.2099020914597944
1.2073763915986726
1.2075393362478777
1.2082837801991086
1.2085242795221733
1.2097438591899294
1.207702044284705
1.2095291162982131
1.207778558586583
1.208485848975904
1.20653239885966
1.2080808932130986
1.207655005382769
1.2115076437140957
1.2082918701749858
1.2037062229532185
1.2078620917869336
1.2059647368662285
1.2059337894121807
1.2054451415033052
1.2051318612965671
1.204540926398653
1.2062381433718132
1.2087955926403855
1.205132367032947
1.2059554891152815
1.2058591824589353
1.2070771943439136
1.2054123011502353
1.2081930565111565
1.2115339383934483
1.206239438418186
1.2067951307152256
1.2046207225683965
1.2071376298413132
1.204808442881613
1.2026504693609295
1.2048285639647283
1.2045830578515024
1.202320528752876
1.2064662358977578
1.2055924462549614
1.206529778061491
1.2022869731440688
1.2053965167565779
1.2029314438501995
1.2071720199151472
1.2015827641342625
1.2116749629829868
1.2027538761948093
1.2035803216876406
1.2018608089649316
1.2042392149116055
1.2049978339310847
1.204736503687772
1.2023912397297947
1.2054669279040713
1.206478111671679
1.2053639888763428
1.2031297575343738
1.2022520628842441
1.204167644182841
1.201347083756418
1.2020774736548916
1.2032508019245032
1.2037536104520161
1.2026925177285166
1.2024514241652056
1.2015305016980027
1.2019297896009502
1.201054578477686
1.204169714089596
1.2031988537672795
