1.1773028373718262
1.168575406074524
1.2278919219970703
1.1761817932128906
1.2091948986053467
1.2006001472473145
1.1813334226608276
1.2277977466583252
1.2032221555709839
1.234415054321289
1.2419482469558716
1.2595278024673462
1.1678950786590576
1.2050108909606934
1.192773699760437
1.1807897090911865
1.2007777690887451
1.2186588048934937
1.210922360420227
1.1832631826400757
1.2151490449905396
1.2715530395507812
1.2034094333648682
1.2780832052230835
1.2685205936431885
1.350854754447937
1.189261794090271
1.1945533752441406
1.185779333114624
1.1905133724212646
1.2165571451187134
1.1666656732559204
1.2228690385818481
1.1562697887420654
1.1839251518249512
1.2268534898757935
1.2736437320709229
1.193516492843628
1.2157301902770996
1.1412034034729004
1.2476037740707397
1.2268925905227661
1.1458373069763184
1.2182830572128296
1.1773170232772827
1.1411898136138916
1.190828561782837
1.1949479579925537
1.1762571334838867
1.2025222778320312
1.1752835512161255
1.2171177864074707
1.2312986850738525
1.2171778678894043
1.1518054008483887
1.140350103378296
1.2199851274490356
1.1475818157196045
1.1894161701202393
1.1727231740951538
1.3126723766326904
1.146836757659912
1.1787577867507935
1.21169114112854
1.1550666093826294
1.2086855173110962