3643.852174934859
3504.357332793455
3059.6167865580474
2325.844727543346
1309.9273574764816
775.28028338491
623.7875891967111
538.1943231125239
433.4023923984215
379.6822770330082
345.5295589871482
308.8039573994133
278.9077630819536
296.6375716459834
245.86869114608334
219.63538450024274
241.37068094613352
243.20140955093203
207.15204811474032
216.47228477595232
192.613398030045
191.66379031529257
185.4183628859021
170.0232079879566
170.97070559540697
174.19342402805725
165.85756020162478
154.9058824770704
136.84224691639383
129.90550785559878
108.93612405354752
104.69933060165651
99.46147645133074
92.20485862021845
83.21611451628509
80.2062974596623
73.38978248102278
63.572368581480454
57.41795089235226
54.65785652021482
50.99959826592939
43.937554302816146
40.4052584356416
35.06542417122731
32.75902115866113
27.94934907463298
25.75064397046717
22.13462271906316
21.166978248577312
18.618601933831375
17.659028706477507
15.735581090799695
13.934699649740523
13.438413860457935
11.90506163689853
10.799330528685072
9.597080302869943
9.140960223137263
8.504032774680468
7.961566259509124
7.392895774888231
6.82955023364941
6.572746202315703
6.1364569764211305
5.973864218480889
5.678835241733258
5.542857436165588
5.398550156335591
5.277602805582795
5.171700670142935
5.015044563418196
4.988960786625986
4.8865293019543286
4.831171596952318
4.758549555385691
4.706967193490748
4.7167815727902145
4.551108367905189
4.557482567685862
4.466784011516444
4.589834942939685
4.454602816390854
4.530406351312262
4.3905110581393565
4.325237976921234
4.304516871091858
4.320123923774837
4.353778099369901
4.378733865319055
4.198279086870815
4.225144261468707
4.282528007592086
4.183598261816505
4.371360917286437
4.242850342282443
4.32714432046206
4.20589557123369
4.177639148829115
4.252349711889071
4.1959941736365405
4.116117658336628
4.098215098806193
4.1186355245478
4.096758441604976
4.159473757079387
4.123848799297108
4.090140880375477
4.072014759990664
4.02575275049291
4.008794649807196
4.199885369220728
4.142359838004135
4.01935372821951
4.057091293874659
4.083516011970444
4.02289644086572
4.0167372907339844
4.0451644753267
4.014350998574817
4.031867428924282
3.961698236248256
3.959474792074555
3.939517289090296
3.9204211962135385
3.9554287426754065
3.9942274324409013
3.986926293896989
3.931711526940644
3.9101204515083445
3.9656170691406105
3.9853581684123607
4.011920761756906
3.960677188642884
3.9269926340095256
3.943493121598458
3.9465016615242465
3.95294797665189
3.927257521672708
3.9355147497964538
3.8659656137197267
3.960591480125942
3.9878817184458604
3.9268811274919813
3.9541730882567854
3.9456547895794682
3.9277977722531965
3.935549211141261
3.9292433932276993
3.9222765072277013
3.899799845347949
3.8920193175950892
3.9577817676120444
3.9398265791101976
3.933029864610067
3.866061697035473
3.9263068279372786
3.886664182889058
3.913194403449209
3.9201570953575806
3.983755200293345
3.950560635112385
3.8982273540997383
3.94674046979541
3.970965280693438
4.014865448809274
3.924933079671289
3.847890098339389
3.876141461438243
3.8653285914660285
3.8887587932312706
3.894730378528681
3.890988931825728
3.849696572914208
3.791170451752551
3.77929338022824
3.8166639844861745
3.8109975568828
3.9273744158453265
3.9015019622554936
3.8790794694105784
3.869941693142438
3.863607447314692
3.9069696870605015
3.9248816689885127
3.9305697846500105
3.908669920842933
3.961061207888873
3.9521419446035195
3.919575389914209
3.8780295415476416
3.865998313899896
3.8375093734872068
3.7998076570622805
3.800051981742205
3.8608033784668465
3.8490634063432463
3.834170480780238
3.860193555012871
3.857219591544783
3.8287175430106215
3.8918294832705476
3.8281722928879387
3.9089332266273566
3.9109881291992434
3.8934301951406933
3.906305574059784
3.8405194925643373
3.8094984069602944
3.7898289054233882
3.74546934882358
3.811606066161303
3.7688813354831217
3.7399097419957856
3.7469159869490425
3.726972422441997
3.719772763622373
3.7241511402834906
3.7301927324214716
3.7287950145857174
3.8350132280816167
3.8662345901728843
3.8761836222433574
3.8466259433920134
3.8368646836899845
3.8323656157782695
3.7808026052313326
3.789742095665918
3.8335836909774037
3.7906834599541965
3.748278515420512
3.729278602212685
3.719727769037774
3.6931226960956365
3.659820294503242
3.677371661445053
3.6785471907999536
3.6719763214233
3.655205986303184
3.656561873799396
3.681749412359943
3.67132926876924
3.6560304559534864
3.622727788443236
3.644369150635118
3.6810080075120077
3.6640054053133433
3.651464731579552
3.672153992540443
3.6676232479134128
3.6682235796593576
3.695211907677688
3.732893815311424
3.7322549708935258
3.782120578639459
3.7365663626129613
3.6892430377978944
3.663298261543031
3.6663139241018396
3.6735798843606147
3.652643023424822
3.6481460378875292
3.6688733983124533
3.620914104729641
3.5910883395798074
3.6158248041774
3.6322635981836515
3.6258931020751195
3.5814779872897384
3.596228251336162
3.60733385949994
3.6109082537858797
3.6221008695072654
3.6627960588258244
3.709942805746792
3.6424748017513378
3.61556667926574
3.6368265114014346
3.646463377368341
3.6361650564296055
3.6427731011926094
3.6053393301337016
3.6511925347112077
3.660093266789483
3.620001895329092
3.563567523251283
3.5592730597006037
3.537893921346548
3.53135014834911
3.5429612797314283
3.5512059139823386
3.534388917575803
3.5231422768348457
3.522556832173024
3.534515734396627
3.5524637482589054
3.5937881439459507
3.586553077054118
3.573631549176628
3.585694269917777
3.6099899647620055
3.5862095372921643
3.539071003599897
3.528736237169574
3.500170555308942
3.502659252840283
3.4887622947887946
3.4958040117676425
3.494910544546042
3.5262712451279867
3.50648957882969
3.5031132977789285
3.492985518814306
3.4857843556691708
3.4815795727534016
3.4822080515213885
3.4852314445317334
3.610960521691647
3.5769584023499355
3.6134340614061133
3.5997380332557514
3.6161529579921217
3.607111965512623
3.590543758203054
3.5701361430076166
3.537161551914149
3.524421554321911
3.4887145115452993
3.47241342063966
3.471529963438858
3.4371739625694797
3.4434014277222857
3.440948320485295
3.47196430169932
3.4525794165632577
3.4469206061120183
3.4507457368724355
3.4359590966705045
3.4530467655777994
3.481707840299307
3.511089406658766
3.5048347601527396
3.4705760836271287
3.4860708996999787
3.5012748057758754
3.475520819702843
3.4444640647955858
3.4281348186024942
3.4389091345871114
3.4653698168483014
3.461759815158697
3.436624870017644
3.4369786696726825
3.440378006810418
3.441229252010547
3.4357295617588326
3.4186603813093086
3.4216581100224
3.413423365430957
3.418359311854574
3.4114020934966525
3.413200274093302
3.41495940213636
3.4056055071804905
3.424956268559621
3.402069377838818
3.41474139744848
3.4175904207947525
3.4196685086575145
3.4106513385517543
3.4099239312591307
3.4056538990877674
3.40351577698414
3.392892980628285
3.381848784095239
3.3888137398062503
3.390128937478287
3.397605232389294
3.4054641368717244
3.4416558704981
3.4187713687687156
3.4004676400706795
3.4063725324691343
3.4138410119316536
3.419993636151112
3.4086994383409084
3.399349642680927
3.393405279543247
3.390693726249691
3.3901925219595412
3.3936579579870316
3.4012939957800263
3.391245115113763
3.378095455147895
3.39437664120207
3.3790636855422016
3.3832063451649343
3.375384009202478
3.3834084276542797
3.3790737437451646
3.370220002300035
3.3758593780926507
3.3628578069867103
3.37280196778756
3.3740172279916405
3.370138932667762
3.366754066265859
3.367547193627018
3.3669498752302403
3.368748817101058
3.371695167285195
3.370622603574943
3.357068832697794
3.3614625710924297
3.36703581244102
3.362750639067765
3.3536275001653415
3.3627189886200735
3.364555018710882
3.365112860409396
3.3596092959216612
3.355318223180364
3.3574028352843968
3.347426370619854
3.349295840710956
3.358178207621407
3.347178561178314
3.354667625650997
3.353156333834956
3.344697953509722
3.345242998549334
3.347734271656545
3.348539496306789
3.3526257982720713
3.345787340753563
3.351905923010122
3.346043351130276
3.3484108125774505
3.341876243641587
3.3470551288371557
3.345629962292427
3.358544325739614
3.347761354855597
3.332444847189798
3.346322868514236
3.3399797258527824
3.3398763635831035
3.3382447386596557
3.337199096455841
3.335227611615425
3.3408930228833373
3.3494481222544845
3.3372007841992577
3.3399488386949283
3.339627194878375
3.3436973787561075
3.338135111323915
3.3474305666339643
3.358632638746827
3.34089734949753
3.342754376339815
3.3354937606227493
3.3438994628768124
3.336119959329495
3.3289284631154494
3.336187086351811
3.335368132560441
3.3278302956091523
3.3416551425254304
3.3387365141913987
3.3418674852699235
3.3277186301110886
3.3380824213010767
3.3298639385063953
3.3440144618036336
3.325376045601032
3.359106321935821
3.329272714866718
3.332025314576466
3.3263007777730853
3.334221486920404
3.336751850425126
3.3358799701814803
3.3280656180602164
3.3383174677896377
3.34169482750207
3.3379738423217935
3.3305243615751414
3.3276024606168533
3.333982862798076
3.324592412065281
3.3270215477797005
3.3309275272652794
3.332602767157674
3.3290684420660606
3.3282659218379744
3.3252022578887335
3.3265302360303224
3.323620093446217
3.3339897638388667
3.3307544962127538