2007.913537602416
1844.6819056094523
1157.7838493748322
484.81286292153186
339.42104397867234
276.707569703478
227.5376977975161
207.53397631792296
188.36256521973067
165.7971869573932
145.0416876676738
142.24282109121685
132.79878836720832
134.24934102652094
119.03942650046093
118.36362887538502
109.54883379553586
97.98027646053785
102.05336434448586
88.41558019427623
72.09663736489951
60.94640786876366
58.592863235360866
56.19303291084719
42.50598331373302
39.10120610686303
34.66033849201969
29.25112519963828
25.665838808705317
20.07184996349718
16.73247745677553
14.56720627674658
13.06162358279173
11.990013495808364
10.407623280859605
8.998758898970456
8.66447636872229
7.972873315999309
6.294657838288408
6.074793295905754
5.3422263919040835
4.798126634678423
4.7258417671203405
4.378959082835134
4.238590555919045
4.137149448014812
4.129085138521052
4.614563299538756
4.30643318574873
4.0625218457938
3.844092469141208
3.7023096363146006
3.7779330546695555
3.938369359445002
3.9737025052443236
4.155605445087208
4.171105485120429
4.165665959792333
3.9357354852639963
3.742645144160368
3.9153749676792313
4.0195307763061
4.054032597177603
3.9229397488743203
3.7370254546345794
3.814864791440103
4.004222577229178
3.9189284214426507
3.831153507881147
3.858172942440682
4.281869981118303
4.114231766758972
4.049223577717453
4.405897008671756
4.082824481022851
3.8518103465071456
3.9375645690568524
3.8169559988584756
3.849988842647298
3.5863254203101627
3.731273277026677
3.5712395224841
3.4693880614541786
3.7701230692417034
3.8383519618301287
3.7755509490756345
3.8594500476789095
3.730016274425399
3.872697950159562
3.734331566745297
4.099378850194674
4.100193641683539
4.2438456206815145
3.902505117778984
3.9173484840904624
3.96766485058862
3.928989174614043
4.246690782915194
4.598560175149944
4.500654099285083
4.478902680786922
4.490731613754508
4.089525818774997
3.8855794938083523
3.9818861159770833
3.8707053764389117
3.9100129426034855
3.572703146675588
3.6155603611104974
3.749763297135471
3.8255955204128034
3.7868095170459783
3.583484533516661
3.4805472069713415
3.4535508355209257
3.36753284742463
3.421595259494441
3.8866385596153803
4.165171156867766
4.5059035339267535
4.103986127629552
3.682132721126386
3.673373236007355
3.963079392413711
3.755143516877757
3.43905902313754
3.4708150077499487
3.6645331009594906
3.777601412669254
3.809265756413253
3.576358660948778
3.4388192833726317
3.3709511455737267
3.537382610017357
3.966100203750506
3.917390938516157
3.8567437387856702
3.518425148039649
3.5578411756239046
3.5137872048633723
3.5172632031665323
3.4396313183120273
3.3718717438347037
3.2668935608850793
3.488126253795865
3.4393571137706793
3.5682416571355913
3.8315703440813738
3.8059273731003636
3.9037671670649194
3.8544734737647643
3.7417310722708392
3.702135363151357
3.4086721406126883
3.343824729685637
3.4146918758543023
3.5514231972744326
3.506388195209058
3.41751381775486
3.5810595890621526
3.862074491923542
4.7501169613854906
3.976384732725445
3.815688348810869
3.506799848267188
3.419932464853157
3.331576541089257
3.3090092241139866
3.295283303305434
3.4524107579294343
3.6597854800967378
3.611494807859914
3.380572171390378
3.4340410182169525
3.3762807294171377
3.3141435704376874
3.3106370256813316
3.4783148059021123
3.416927501717166
3.5601221835595394
3.481461213467299
3.3608477768641083
3.330640000578094
3.3469825187299143
3.257291954877767
3.2118044553800495
3.4301095654551963
3.7802918718929845
3.669384148189696
3.400202293967791
3.2914831263190036
3.572616733270714
3.494104957414146
3.349745183879076
3.477045817381965
3.5186143633723317
3.353067784118913
3.3894793654056583
3.3611550546410833
3.4252598658913804
3.3988433108294065
3.5313441356887734
3.4388590788402733
3.460147760878731
3.5204956176918256
3.3318152598288595
3.36942126319935
3.5285054787914842
3.326482423940288
3.35383805101089
3.399902338257996
3.2295465262844565
3.256343585518456
3.2084730710027
3.188223502317767
3.228089738401919
3.1829571177893152
3.2209812975961665
3.1712061916277103
3.244838399329402
3.3570929331390107
3.2350627913203396
3.3457378869113312
3.265981866475766
3.3084054636906495
3.3820792976154697
3.2754140549123982
3.2776816166624285
3.2577778077999446
3.3819658592659354
3.456937657467241
3.3778600639045213
3.4928835998343817
3.950883886125405
3.6023413346997875
3.3715348380891865
3.373139448612263
3.230730374149439
3.210143882302478
3.178341313836872
3.1823647356296094
3.170165104446849
3.148216022546242
3.1780090513920722
3.2354698089883587
3.4142685565836537
3.281446879474781
3.2591845944001956
3.2776661259817743
3.285019995096465
3.358157402095166
3.218544966666433
3.17376564117336
3.14150959953511
3.242842402374023
3.365706536387211
3.330515562518822
3.481726669888161
3.4486950956077984
3.3228908498229304
3.25567767806997
3.1845446741416943
3.1315028331914347
3.1184149808834984
3.181694531176445
3.217346067163534
3.1508360125409007
3.1179248066711858
3.1053492796863083
3.0824184587835726
3.07903423932169
3.07508541161666
3.074993633732583
3.439615394418942
3.955076018681873
3.282539351760455
3.2610107113750866
3.169532029230742
3.1177064419702036
3.2589916605234537
3.3075503811441758
3.319292319574057
3.2588570891318764
3.4448672914574585
3.353304541212765
3.293009239061804
3.29992395167931
3.1762513942374992
3.205802029498802
3.2783253805063373
3.1593112050887733
3.2814938410914904
3.1656145347382014
3.1184901164341814
3.139251179570117
3.2379197038941836
3.162780656397311
3.0945177530467687
3.0658206941910287
3.0657536697115577
3.1786728627582193
3.1518564599554457
3.1237070215709073
3.28007064408349
3.156221407155718
3.176528277446599
3.174144235978811
3.3582762850940164
3.1680306141681047
3.1031365875154107
3.069899794813902
3.0698436087990055
3.0667293563116718
3.067574236944831
3.265051999862712
3.111332991364438
3.3663057433528203
3.180800128843171
3.111146298215647
3.389450907607094
3.182141348871927
3.128376554242472
3.3061368515441703
3.2031115964724766
3.09537262010669
3.3636316826550106
3.18150448978682
3.1030376652044698
3.198030011868603
3.1492035589892575
3.1065289646925907
3.061958538815222
3.1905342352498622
3.093848014465137
3.148262322135032
3.1284935814064645
3.248768387887761
3.1272006483359376
3.1047101505608623
3.1025618932314467
3.068740701546345
3.11377987755186
3.082778188268359
3.0550558785255157
3.0447064047102304
3.0419256490692135
3.0334313213714026
3.0638780229115867
3.0357931854524867
3.028128934957938
3.068664217834143
3.0487226237405713
3.105985043978888
3.0704802585219007
3.259960876337252
3.0698466337103794
3.0472271890200697
3.0388291074787888
3.0263172423488482
3.0307810952131935
3.0318248889108417
3.1914446904126557
3.049663387382118
3.043583677048151
3.022211590886149
3.068853839997063
3.2315653384008973
3.1787050189821984
3.056750472856622
3.0410413424960168
3.1479966812039946
3.1157770393055775
3.056680025882505
3.1739897187465917
3.148612607758756
3.0721023052590852
3.045361498218338
3.0370413695990113
3.1714899667303826
3.063661751373424
3.035636745590168
3.026411202573483
3.022124008677324
3.029485170408092
3.0460550712661396
3.251726922158037
3.107162218271212
3.066499510632655
3.053285178707697
3.0381196441527325
3.033606443336464
3.0668394310514606
3.0362069692903053
3.0229511677530683
3.0194006187813054
3.0209564184947615
3.018632616893326
3.0559603586738566
3.0211342576285447
3.0156803931431595
3.1854273530526367
3.0272016616857673
3.0109679454664815
3.0132143234607103
3.0695847142979993
3.0277428697227373
3.015816636526909
3.1889174337545585
3.025107765556848
3.0604881169894353
3.0750396081753304
3.0196641660343086
3.010929389695908
3.010076277656422
3.0568952510285197
3.012302549245093
3.0114020431807234
3.0125552532428195
3.0051425696350362
3.006855839364891
3.1722465197272376
3.0263829936494266
3.1382521737456983
3.2061194713611703
3.0243838257572504
3.047836612592895
3.017672906308418
3.0279507754645634
3.1780600188726935
3.0371757823847503
3.102743511003854
3.0162465905398146
3.030793937300012
3.0172217735937625
3.006139129781473
3.2179462865690325
3.010588620132703
3.0176585032962504
3.037212520195435
3.0049837506716823
3.0848811533083946
3.0038037362257692
3.019673292933619
3.009718941467171
3.005536284045853
3.0021326051805293
3.005236607078041
3.0127000884819024
3.0029988772912253
3.001064367730434
3.0038158974168807
3.1904154794938675
3.0132190522146014
3.0074317162173156
3.0019593952434693
3.0225007692910246
3.0057365373399283
3.0018726218916063
3.0101573604883813
3.095254384461294
3.079785830010589
3.0384596602450222
3.088889482686044
3.002934676248163
3.0007735996613123
2.999530277379422
3.0082988682558676
3.1298785353626126
2.999464670447502
2.997629864633301
3.0702469766885363
3.0704177144010836
3.0069563508792974
3.000866169086285
3.2315380503936413
3.0058170814503864
3.005223456079594
3.0530382582394444
3.007175652965899
3.0002646297841005
3.0392165633813373
3.0912682043510915
3.02737718690561
2.9973051910162574
2.998760836151338
3.108950544157177
2.996367258659786
3.1034394004145813
3.0541591735764237
3.00149989554741
3.1531979846015514
3.041629196271936
3.014895785831559
3.0098493836080253
2.9972805414835393
2.999129253386721
3.0823671041780853
3.000281421714257
2.995435414500881
3.0085317559975273
