7.604851420921616
7.520062132726742
7.054262982139105
6.183762966832028
5.827241354350802
5.622961243496666
5.42731592926798
5.335295067557806
5.238368643990046
5.110765276075918
4.977021202256408
4.95753560488737
4.888835113259811
4.899698824822148
4.779454753368715
4.773761486705346
4.696370420576651
4.5847661978081815
4.625495856321311
4.482048200655587
4.278007404713691
4.109994918485231
4.070612901373755
4.028792779656905
3.749644849873796
3.6661533132384094
3.5455960503107384
3.375918041301679
3.2451608784591097
2.9993183341207383
2.817351588720008
2.678772856917562
2.569678433333771
2.484074094627477
2.3425385454032996
2.1970866677127305
2.1592314907267123
2.0760449442682387
1.8397013114977487
1.8041479632824282
1.6756424934049197
1.568225557291055
1.5530456968500643
1.4768110438238216
1.444230797924573
1.4200070115584362
1.4180558663380296
1.5292172371586668
1.460109994381289
1.4018039250675636
1.3465375462664833
1.3089568509331233
1.329177049141896
1.3707667694816106
1.3796982810467104
1.4244581325144707
1.428181105022189
1.4268761571449569
1.3700977729845651
1.319792619234399
1.3649111020414135
1.391165173506435
1.3997120887418337
1.3668413086782527
1.3182899619959578
1.3389052228082585
1.3873494486265545
1.365818254555328
1.343165934840335
1.3501937404463562
1.4543898256519172
1.4144521257545375
1.398525153534322
1.4829438728622244
1.4067890236649332
1.3485432576529588
1.3705624025079268
1.3394532460200637
1.3480702502818047
1.2771281185029428
1.3167495365384259
1.2729127407073975
1.2439782272411297
1.3271076452882984
1.3450430978702594
1.328546318826796
1.350524698631673
1.3164125967629348
1.3539514088932472
1.3175688378418549
1.4108354622804666
1.411034202273888
1.4454698441903802
1.361618684816964
1.3654150178160849
1.378177722798118
1.3683821853203109
1.4461400403252131
1.525743249096448
1.5042227416098872
1.4993780791005002
1.50201563141014
1.4084290266036987
1.357272134551519
1.3817556055286262
1.353436758246603
1.3635406841205646
1.2733224932151506
1.2852468535869936
1.3216927172262458
1.3417141467710085
1.331523848485343
1.2763356604153597
1.2471895248075076
1.2394029294388205
1.2141803835011735
1.230106892465036
1.3575446605682373
1.4267573688603654
1.5053884334202055
1.4119587276555314
1.3034921280945404
1.3011103777945796
1.3770213474201252
1.3231265046928502
1.2351978941808772
1.244389438930946
1.2987009332149844
1.329089261308501
1.3374364557145517
1.2743451489677913
1.2351281808901438
1.2151949435849734
1.2633870779713499
1.3777832954744749
1.3654258552985856
1.349823236465454
1.258013488371161
1.269153949580615
1.2566944315463682
1.2576831881004045
1.2353642907323716
1.215468003780027
1.1838395520101619
1.2493647020074385
1.2352845683882507
1.2720729414420793
1.3432747306703012
1.3365596864796891
1.3619420271885545
1.349234415006034
1.3195483578911311
1.3089097783535342
1.2263228138790856
1.2071152804773064
1.2280872622622718
1.267348423788819
1.2545865034755272
1.2289133328425734
1.2756587312191348
1.3512044722520853
1.5581692411929746
1.3803730478769616
1.339121080652068
1.2547038974641245
1.229620803760577
1.2034456277195411
1.1966488165191458
1.19249214401728
1.2390727574312235
1.297404533700098
1.2841217608391484
1.2180449766448782
1.2337377071380615
1.2167747277247756
1.1981992404672164
1.197140625760525
1.2465479253213616
1.2287417559684077
1.269794865499569
1.2474520945850807
1.2121932566920413
1.2031644778915598
1.2080591992486882
1.180896161477777
1.16683291483529
1.232592203949071
1.329801221437092
1.300023840952523
1.2238349280779874
1.1913382614715189
1.2732983058011984
1.2510772505892982
1.2088842784302145
1.2461830302129817
1.2580672653415534
1.2098756832412527
1.2206763300714614
1.2122846811632566
1.2311773420889167
1.2234351710428166
1.2616785734514646
1.2351397532451003
1.2413112936140616
1.2586017801791807
1.2035172785384745
1.2147409976283206
1.260874404182917
1.2019154165364518
1.2101053769075418
1.2237467071678065
1.1723417330391799
1.1806049663809282
1.1657951451555084
1.1594638658475271
1.171890550021884
1.157810675946972
1.1696860639354851
1.1541120176073871
1.177065549017508
1.2110754010043567
1.174048337755324
1.207687263247333
1.183560442320908
1.1964663402943672
1.2184906971605518
1.18644429007663
1.1871363482897794
1.1810453088977668
1.218457155589816
1.2403831270676624
1.2172423918035966
1.250727641431591
1.373939322519906
1.2815840048126028
1.2153680822517299
1.2158438978315909
1.1727082337005228
1.1663157592845868
1.156359461289418
1.1576245479945895
1.1537836699546138
1.1468359503564955
1.1562549162514602
1.1741741442982154
1.227963284601139
1.1882844469215297
1.1814770396751693
1.1871316221695911
1.1893727387054056
1.2113924313195144
1.1689293837245507
1.1549187823186946
1.1447034485732452
1.1764502298982837
1.2136379072937784
1.2031271155876448
1.2475283402430861
1.2379959263379061
1.2008351419545427
1.1804004500183878
1.1583093193512928
1.1415130277223224
1.1373248537884484
1.1574139263056502
1.1685568169702458
1.147667818431613
1.1371676544599896
1.1331261984909637
1.1257145027571087
1.1246159891538983
1.1233326770082306
1.1233028309254707
1.2353596611867976
1.3749998219405548
1.1886173154734359
1.1820371814920931
1.1535839521432225
1.1370976167389109
1.1814178409455698
1.1962078492852706
1.1997516034524651
1.1813765477530564
1.2368853816503211
1.2099462898471687
1.1918018090574047
1.193899423261232
1.1557016946092438
1.1649623022803777
1.1873327372949334
1.1503540307660647
1.188298758072189
1.152347202542462
1.1373489476457428
1.1439842936358875
1.1749310568918157
1.1514515952218938
1.1296320791485943
1.1203152967404715
1.120293434662155
1.1564637709267531
1.147991631604448
1.1390204444716248
1.1878649599944489
1.1493755548815183
1.1557888637615155
1.1550380640392062
1.2114278319515759
1.1531101374686519
1.1324134023883674
1.1216449209406405
1.1216266185422488
1.1206116374534896
1.1208870984330963
1.1832756890526301
1.1350512489487854
1.2138159244875364
1.1571327779866472
1.1349912429157691
1.220667934115929
1.157554350321806
1.14051419722883
1.19578039344353
1.1641227112540715
1.1299082931083968
1.2130212482017806
1.1573541949066934
1.1323815237117718
1.162534998942025
1.1471495824524118
1.133506014377256
1.1190547565870648
1.1601883746400665
1.1294156282762937
1.1468506568594823
1.1405516048020954
1.1782759669460827
1.1401382428181321
1.1329203617723682
1.1322281873678859
1.1212672825101055
1.1358373829081088
1.1258311995977088
1.1167978832993326
1.1134044776988934
1.1124907520752918
1.1096944280817538
1.1196814413312115
1.110472736479361
1.1079449155662633
1.1212423587147193
1.1147226910047894
1.133330909511711
1.1218339853648898
1.18171519418306
1.1216276039051105
1.114232058766522
1.111472279210634
1.107346448717238
1.1088203734989408
1.1091647117952756
1.1604736952842036
1.1150312197359302
1.1130356622647635
1.1059888782380503
1.121304149869122
1.172966644733767
1.1564738871176032
1.117352414734756
1.1122000036360342
1.146766276299199
1.1364785719521437
1.1173293681084355
1.1549893828886975
1.1469619138331353
1.1223621172241018
1.1136196127420739
1.1108838078341907
1.1542014985144893
1.1196108513240572
1.110421203359773
1.1073774959467635
1.1059598983088625
1.1083926943284046
1.1138473341736612
1.1791862158835689
1.1337098396277125
1.1205366864989075
1.1162181187279616
1.1112387859368626
1.1097521570664417
1.120647530012493
1.1106090289127977
1.1062335620952557
1.1050583410866652
1.1055734761153595
1.104803952989699
1.1170938995820057
1.1056323428697223
1.103825474087196
1.1585864568058448
1.1076386487936671
1.1022616036330597
1.1030073905292945
1.121542280233359
1.1078174144406863
1.1038706513899792
1.1596814967408966
1.1069467158257207
1.1185744185990925
1.12331778188295
1.105145621903335
1.1022487984427922
1.1019654198537898
1.1173997770381878
1.1027047528496272
1.1024057653885853
1.1027886399739906
1.1003250109998486
1.1008949611760392
1.1544400181951402
1.1073681749875033
1.1436660123776785
1.1650613184216656
1.1067073767698263
1.1144320315952543
1.10448597352716
1.1078860789914675
1.1562709536733506
1.110928064660181
1.1322867236559904
1.1040132075925417
1.108824610710144
1.1043364654613446
1.100656574285483
1.1687433568737176
1.102135614503788
1.1044812006286429
1.1109401606306244
1.1002721605421621
1.1265131325661382
1.0998793976216377
1.1051486443869676
1.1018466994732241
1.1004560159731516
1.099322904514361
1.1003563026838665
1.1028367160241814
1.0996114151387275
1.0989670149887665
1.0998834462105473
1.1601511526711379
1.1030089598667772
1.1010864641093001
1.0992652072182185
1.106084558028209
1.1005226418941836
1.0992363012289699
1.1019923566262932
1.1298700948304767
1.1248600588569158
1.1113506962981405
1.1278116355968426
1.0995900359334825
1.0988701219800152
1.0984557022022297
1.1013747589497627
1.140994197205652
1.0984338295610645
1.0978219312957571
1.1217580067960522
1.12181361566616
1.1009283880644207
1.0989009700243986
1.1729582004909274
1.1005494383317005
1.100351926646655
1.1161372450333606
1.1010013169880155
1.0987004947058763
1.1115997727913192
1.1285814288296276
1.1076966297777393
1.097713615320906
1.0981991487213327
1.1342852236349372
1.0974006411395496
1.132510980473289
1.1165043251423896
1.0991121289096302
1.1484171710436857
1.1123932916906816
1.1035652643517604
1.1018900388403783
1.0977053913889052
1.0983219976666607
1.1256978421271602
1.0987060915065716
1.0970896014684364
1.1014521710480316
