1.090267539024353
1.0928332805633545
1.091482162475586
1.127260684967041
1.0984140634536743
1.0889251232147217
1.094756841659546
1.1035157442092896
1.0915671586990356
1.0892935991287231
1.0916656255722046
1.1025900840759277
1.0881671905517578
1.0967293977737427
1.0866400003433228
1.0912439823150635
1.1691163778305054
1.0904459953308105
1.119702935218811
1.0901479721069336
1.1006603240966797
1.0874236822128296
1.0898675918579102
1.0938564538955688
1.0982155799865723
1.0963199138641357
1.0917632579803467
1.091907262802124
1.1268045902252197
1.3308051824569702
1.0995547771453857
1.096791386604309
1.099937081336975
1.0903116464614868
1.0948444604873657
1.0874106884002686
1.1671698093414307
1.091468095779419
1.089185357093811
1.0908504724502563
1.0916748046875
1.0899585485458374
1.095237374305725
1.089908242225647
1.0878715515136719
1.095188021659851
1.0950467586517334
1.0918371677398682
1.0902215242385864
1.0889064073562622
1.0882606506347656
1.0947319269180298
1.205599308013916
1.1068966388702393
1.1008840799331665
1.0990928411483765
1.0954720973968506
1.093951940536499
1.0978834629058838
1.0938355922698975
1.0911978483200073
1.0867047309875488
1.0993778705596924
1.0953329801559448
1.0923223495483398
1.092333436012268
1.0956833362579346
1.1087720394134521
1.0899066925048828
1.0970298051834106
1.0966289043426514
1.0892786979675293
1.10771906375885
1.0937873125076294
1.096990704536438
1.0948807001113892
1.097658634185791
1.0947318077087402
1.0920122861862183