4560.658873846644
4141.822564049187
3191.659677744042
2431.5834389336464
1958.8719053397458
1611.8575607147948
1355.2167171310946
1136.5347347950442
960.6702012367705
837.0203576094689
767.2648786488828
702.3200215502437
644.1678120525639
598.4097707728623
545.4162086459621
519.2299511971512
469.2513950467319
416.8383501721971
370.40195163845954
341.5820198051508
297.04044537931475
258.82590244800207
221.82074869388552
187.76496089935432
163.4592358538518
137.2608927456942
112.17396690561559
96.01309718317006
77.51538700626055
65.03518180711623
52.8202237175083
42.31424775801817
34.38117668781328
27.906482377611812
23.40248227777611
18.977076773676995
15.600078302334545
13.01333247472976
10.948292998817506
9.023269347168727
8.415428934901906
7.171358411183128
6.467232305963993
5.721792594350233
5.22713872316633
4.944705098404966
4.623404869628782
4.412146656575593
4.232211285778255
4.038906924757886
3.920305425193116
3.7692500376110423
3.747628746500556
3.5502265157103765
3.4937836942709772
3.4606909112819944
3.4252129187828797
3.3688305219546124
3.3399675626806418
3.3299153512568918
3.2716709566395066
3.205257267891073
3.190312258634076
3.1346768922958925
3.1014058430493883
3.1094653056091883
3.0702585506536875
3.0371131538505276
3.0183757837458547
2.9490708107826866
2.9299508510581185
2.9641003814925435
2.925075406265727
2.962533775976875
2.9166709859895708
2.890247067209367
2.8551873053394514
2.8892707209327972
2.8937758378074707
2.959158650677744
2.9238565149966176
2.8376586034631885
2.8974404390132036
2.865546168055488
2.8508888643228256
2.910803608503378
2.867343695597236
2.8804430281209332
2.8618407410552122
2.7989606867351364
2.78575844140519
2.7512965737012123
2.835502743571409
2.8758507154546855
2.870188686151153
2.776537848498443
2.8184145108259586
2.8027366136476886
2.794192828751257
2.791276013855349
2.764265168638486
2.8143985828978417
2.8034510392672543
2.8295926568761445
2.8450994144417874
2.811222408098025
2.82316425079499
2.8050182076357126
2.9127132348236144
2.81643361121325
2.8289414001028272
2.8160610637700074
2.812262759454532
2.728715460558679
2.7246195273628215
2.7492345901801887
2.785655337684156
2.778047450100935
2.782692000412487
2.7614365284261804
2.7659612214588654
2.747346426711499
2.739221664031709
2.784052481620943
2.764521472008504
2.7558205673065808
2.732120250358184
2.825042389076743
2.8897393504143705
2.891539728402854
2.913791440763756
2.9004930935541995
2.8577126709372718
2.8064983866995443
2.841873447916234
2.78662018031068
2.7949188696449854
2.7998231223925947
2.8269244227499772
2.826265193961391
2.8361027049554806
2.8112893577339357
2.8346482486172953
2.7949657573555755
2.8005292363595577
2.8108656076487297
2.7877801835549265
2.800869496209473
2.769233098709572
2.746137365054692
2.7645458670315284
2.7136017791819644
2.7122284715368767
2.6939642363092875
2.7524042932215895
2.7761273696070576
2.7979229501600487
2.7749637667597566
2.8099108719155432
2.858810485980153
2.84164077273247
2.8371027474396895
2.8038578287962244
2.8016626381733594
2.8383501249961642
2.8260175339192988
2.8201075033573333
2.857462787458695
2.886633507886519
2.880991778445528
2.8814062127273607
2.873291625048831
2.849662414908438
2.8527376182257367
2.868438561255738
2.7846046009937426
2.8743995795721684
2.841598535158537
2.8376832289523013
2.829012036138524
2.795299358803476
2.804692013890468
2.7716759755999676
2.795183666813766
2.7908904346322316
2.7478974138637824
2.7471085373874944
2.7514427644696218
2.775821310773699
2.79638521361621
2.8051156797192114
2.755036823757761
2.783739238774042
2.835756234272328
2.818099992234476
2.839961257267304
2.896558276774979
2.9010100269507344
2.9396963537451297
2.928243987914343
2.9439748625083495
2.9870357443266773
2.998825001554949
2.967711856043138
2.943631007258027
2.948851329508376
2.887410779478876
2.8505203553462177
2.7950680238651913
2.809717455789101
2.7859222643350403
2.7509693305107406
2.6937871278445655
2.6471113606111163
2.605893674376534
2.6217847129581404
2.6367076851883997
2.651663269795071
2.6886551052196017
2.650674676861744
2.661298120265254
2.660081181575683
2.622486740041829
2.6219611947374957
2.603199440798563
2.562585074341848
2.594688363317616
2.61779840853497
2.605130194727782
2.5957782559924647
2.609254263120129
2.606512738211048
2.6033617194535603
2.6398408482560893
2.655274542502494
2.644409365355209
2.611399249554354
2.6003050227041613
2.5599526950775324
2.569866729656003
2.599038102035579
2.621189270158163
2.5938269472533073
2.6112588629489646
2.6296427511120686
2.6560301162730338
2.6735170775098296
2.677450535145104
2.6885271010172094
2.7503132908413814
2.767215011358453
2.7432308613910625
2.6832574182616455
2.6815215100339707
2.713604907905149
2.660936411265653
2.5827190076383095
2.578230073603329
2.5587233454122433
2.5258619831178573
2.491983942965485
2.4838610918252977
2.5001360751540465
2.4758117922113594
2.4577803736300328
2.450573600925873
2.4399509825861205
2.4149975152478995
2.4228561686879773
2.4285486365936984
2.4350890260769535
2.412812538714384
2.451105629472415
2.4292635174423323
2.462333270529896
2.4093658153261903
2.417327854496018
2.424681511245409
2.4361426264826216
2.4565738819162553
2.4379272213717864
2.4164972810997822
2.425891281520393
2.4244503092024123
2.439239340163736
2.46411002669008
2.481923063993062
2.488398745772366
2.492691496043517
2.4921089117772186
2.5390727124202255
2.528693402726859
2.533100061670837
2.521846187157654
2.544370896860676
2.5512452669927836
2.594968870353707
2.5285929203352913
2.5291220732211834
2.5135868537826562
2.49888059662809
2.490644947865928
2.4633892066563354
2.4279526336290065
2.3907421705371354
2.392530194666124
2.3667832858035895
2.366014257103409
2.364088622620703
2.3497400954830874
2.349782372906084
2.3673098818974987
2.361377797481393
2.3433675908197955
2.346603614273174
2.3401667882994026
2.364552017516947
2.3198446704970705
2.323177840628711
2.3206560004111623
2.312977986172334
2.330580387213539
2.326425522384962
2.314124402318527
2.3133006842225265
2.321091143471692
2.3268149631170503
2.3193016950578125
2.3313763841238826
2.3171079971649076
2.3316169681848935
2.3184026581666806
2.320901675228384
2.309888237367853
2.348097397479374
2.3230426957023362
2.3279710018083026
2.3237800931232577
2.308982488752919
2.318111152548733
2.3228719930044255
2.3136676643185465
2.307110514006543
2.325140222741882
2.310430586244163
2.2906005445034574
2.291596078292815
2.287560051825491
2.323194848970426
2.286986952050324
2.2980124962048873
2.2833554428270237
2.2939379746047837
2.2943075282778347
2.291934039108121
2.2937368737619543
2.2955566134471344
2.273850099666133
2.295189019652235
2.2713507114703457
2.2650911363919177
2.2638167120877215
2.2610882698098593
2.2543076587421407
2.2631438583375485
2.258768790095889
2.25922602096228
2.266150475932585
2.267905530974442
2.279279067029229
2.2511162968532252
2.2754165294225626
2.247850841556313
2.261588122546629
2.2389715051419206
2.2433636161261843
2.247237235910271
2.2401340874642326
2.256087096965948
2.2535183560198484
2.2473340368410244
2.2382140992616835
2.2341688611322836
2.2237159047527606
2.2338668695516644
2.2395599229565772
2.2321735650471863
2.225779155836837
2.2247059518005923
2.2337261627039458
2.2251515294194535
2.2188943913480177
2.2262102941302158
2.214644292686098
2.2127663739679484
2.230412495782282
2.222461837088532
2.212981641105132
2.2187815732972433
2.216493854439393
2.2201995279341347
2.2362140658229945
2.2013697673551036
2.2068162836250518
2.2111628703056203
2.2206303299655894
2.2045722370426932
2.199599590850582
2.2021011940581174
2.199032078044493
2.2148719210178998
2.1969171877999822
2.1963274513369426
2.1994151667699704
2.197418325932818
2.1898411976664374
2.199098006465262
2.2098030655707035
2.198283793551521
2.189205950615979
2.2045419345460395
2.195579389897307
2.1941995191256547
2.202943923030832
2.18672894502443
2.1909327520277904
2.1827754047412045
2.1862668680651223
2.1999524038029588
2.195882326377509
2.1839162291292666
2.1972317928464733
2.180255222137832
2.180056778208605
2.191316327750796
2.1891064179225954
2.180350228219936
2.1885889816005886
2.1906760581886138
2.1754359533352847
2.1741029467746524
2.174415827866628
2.180983372760286
2.1738156661149937
2.1845852547095608
2.177933350542695
2.16918167363915
2.1724703513692742
2.170453688510605
2.180328657163112
2.17265866330934
2.177268187061274
2.1681442622235667
2.175808499691529
2.1680826964183586
2.1655212902345293
2.164837215424775
2.165553803293079
2.1619146686558888
2.160744914881604
2.1798056604015206
2.167490308288042
2.1855968308325515
2.167815051880333
2.157681946019101
2.1682167501737095
2.17248038479175
2.1604119045845316
2.1607291642715127
2.1626274149971643
2.164724081463384
2.169772794259917
2.159603674319061
2.157273966092744
2.1704571673299156
2.168384244206287
2.173064470935061
2.158679325496846
2.163950300089966
2.168267328401307
2.157017310516659
2.1557005469372026
2.155603107721291
2.1654485374544583
2.1719082542940633
2.1618198578483607
2.1647345811106042
2.1558221719539805
2.1573037333895773
2.166754252096072
2.1578684756768545
2.154632912886905
2.1543382472440014
2.168956537197558
2.1559095938595974
2.1579551565646136
2.154272818054088
2.1617740767302758
2.1676381115542918
2.1550368147964734
