8.425222381949425
8.328891202807426
8.06829633563757
7.796297945082188
7.580124028027058
7.385142557322979
7.2117166593670845
7.035739205777645
6.867631167173386
6.729848392307758
6.642832085490227
6.554389171302319
6.4679592698812485
6.39427575469017
6.3015491887927055
6.252346850931644
6.15113864839077
6.03269849717617
5.914588771760464
5.833587825298309
5.693868309259415
5.556155644357204
5.401869617402554
5.235190972685814
5.096563637256622
4.921883441507816
4.720050942152739
4.564484611153603
4.350476458668709
4.17492838203907
3.966894142329693
3.7451238557696342
3.537509225308895
3.328859005123377
3.1528420969843864
2.943231765180826
2.747275933623314
2.5659744068980217
2.3931835535913706
2.199806723743677
2.1300667989999056
1.970095094293356
1.8667482435703278
1.7442821469157934
1.6538640391081572
1.598317326977849
1.5311314184218645
1.4843613412231207
1.4427246190607548
1.3959740921854973
1.3661695653572679
1.3268760526552796
1.32112330570817
1.2670114086940885
1.2509853020310402
1.2414682544767857
1.2311636358499527
1.2145656580105424
1.2059610951691866
1.2029468836262822
1.1853008503094316
1.164792357943952
1.160118798725307
1.1425261041149497
1.1318555064499378
1.1344507839530706
1.1217617765069008
1.1109074437990785
1.1047188667580485
1.0814901413396
1.0749856485053897
1.0865735737606883
1.07332026027143
1.0860449075698853
1.0704428926110268
1.0613419888541102
1.0491374470293522
1.0610041245818138
1.0625621676445007
1.08490498829633
1.0729034692049026
1.0429792767390609
1.0638277400285006
1.0527589665725827
1.0476308278739452
1.0684291971847415
1.053386059589684
1.0579441115260124
1.0514650335535407
1.0292481649667025
1.0245201671496034
1.0120722819119692
1.0422192560508847
1.0563485315069556
1.0543777719140053
1.021204773336649
1.0361744966357946
1.0305963018909097
1.027543273754418
1.0264988439157605
1.016774837858975
1.0347485914826393
1.0308511722832918
1.0401327637955546
1.045598010532558
1.0336194094270468
1.0378583306446671
1.0314100300893188
1.0690850298851728
1.0354714076966047
1.0399025781080127
1.0353391226381063
1.033989411778748
1.0038309711962938
1.0023287953808904
1.0113225420936942
1.0244831554591656
1.021748324856162
1.0234188046306372
1.0157510256394744
1.0173882134258747
1.0106355100870132
1.0076738158240914
1.0239075934514403
1.0168675538152456
1.0137152448296547
1.0050779562443495
1.0385233694687486
1.061166307888925
1.0617891382426023
1.0694551337510347
1.0648807547986507
1.0500215394422412
1.0319375805556774
1.0444634994491935
1.0248294565826654
1.027803079225123
1.0295562446117401
1.0391893442720175
1.0389561206102371
1.042430822737515
1.0336432242766023
1.0419178549200296
1.0278198551386595
1.0298084123060107
1.0334924813359976
1.0252456460148096
1.0299299033358693
1.0185704221948981
1.010195329785347
1.01687637809664
0.9982768222689629
0.9977706111967564
0.991013802587986
1.0124748181551695
1.0210569240152836
1.0288773383945227
1.020637690089643
1.0331527646631002
1.0504056243225932
1.0443816222250462
1.042783372104168
1.0309962648898363
1.0302130402997136
1.0432229414582253
1.0388684887439013
1.036775005981326
1.0499340938404202
1.0600909469649196
1.0581346023827791
1.0582784432917833
1.0554582802578807
1.0472005363553762
1.0482791010290384
1.0537678264081478
1.0241058887913823
1.0558438105508685
1.0443667583167553
1.0429879548028111
1.0399275468662381
1.0279392059892416
1.0312937339767814
1.0194521825760603
1.0278978170827031
1.0263606971129775
1.0108360424637794
1.0105489175766706
1.0121254157274961
1.0209466712549329
1.028327587991953
1.0314447786659002
1.0134308086708188
1.023795073851943
1.0423086509108543
1.0360628962516785
1.043790410272777
1.063523231074214
1.0650589615106583
1.078306294977665
1.074402921833098
1.079760662280023
1.094281505793333
1.0982205457985401
1.0877912370488048
1.0796438558027148
1.0814157146960497
1.0603601764887571
1.0475015584379435
1.0278564440086484
1.0330839287489653
1.0245789727196097
1.0119533333927393
0.9909480577334762
0.9734689928591251
0.9577756775543094
0.9638552740216255
0.969531049951911
0.9751870920881629
0.9890411077067256
0.9748142026364803
0.9788140188902617
0.9783566417172551
0.9641230050474405
0.9639225853607059
0.9567412426695228
0.9410165436565876
0.9534664181992412
0.9623336624354124
0.9574826527386904
0.9538863776251674
0.959064457565546
0.9580132123082876
0.9568035788834095
0.9707186305895448
0.9765480551868677
0.9724477380514145
0.9598861886188388
0.9556287545710802
0.939988779835403
0.9438540413975716
0.9551414158195257
0.9636281346902251
0.9531343709677458
0.9598324280232191
0.9668480008840561
0.9768325705081224
0.9833948630839586
0.9848650489002466
0.9889934975653887
1.0117148291319609
1.0178414033725858
1.0091363722458482
0.9870315110310912
0.986384361051023
0.9982779752463102
0.9786780951544642
0.9488427229225636
0.94710314553231
0.9395084409043193
0.9265823839232326
0.9130791574716568
0.9098142413422465
0.9163451604545116
0.9065683390945196
0.8992586554959416
0.8963221199810505
0.8919779499992728
0.8816982582211494
0.8849470792338252
0.8872938100248575
0.8899833168834448
0.8807930955663323
0.8965392000973225
0.887588132172823
0.9011093843728304
0.8793635657057166
0.8826627377420664
0.885700180195272
0.8904158975929022
0.8987676482647657
0.8911481788381934
0.8823190871626139
0.8861989956349134
0.8856048220768571
0.8916862448677421
0.901830698363483
0.9090336887165904
0.911639429628849
0.9133630488067865
0.913129304535687
0.9317989405244589
0.927702727727592
0.9294438734650612
0.9249912472441792
0.9338834276422858
0.9365815799683332
0.9535745205357671
0.9276629900559783
0.9278722358867526
0.9217107584699988
0.9158428702503443
0.9125416921451688
0.9015381280332804
0.8870483646169305
0.8716038493439555
0.8723514648154378
0.8615317698568106
0.8612067913636565
0.8603925872594118
0.8543047243729234
0.8543227165937424
0.8617542395368218
0.8592452611774206
0.8515890361741185
0.8529690122231841
0.8502222038805485
0.8605885822325945
0.841500231064856
0.8429360073059797
0.8418499045073986
0.8385358657687902
0.8461173297837377
0.8443329790607095
0.8390313880518079
0.8386753723025322
0.8420373955741525
0.8445003638044
0.8412661468610168
0.8464588159695268
0.8403198551386595
0.846562004648149
0.8408784391358495
0.8419557632878423
0.8371991412714124
0.8536053821444511
0.842877833172679
0.8449970735237002
0.843195210210979
0.8368069464340806
0.8407526956871152
0.8428043480962515
0.838833998888731
0.8359958818182349
0.8437803480774164
0.8374339081346989
0.8288140296936035
0.829248552210629
0.8274857699871063
0.8429433284327388
0.8272352097555995
0.8320446172729135
0.8256460465490818
0.8302699802443385
0.8304310673847795
0.8293960196897388
0.8301823101937771
0.8309753471985459
0.8214744739234447
0.8308152016252279
0.8203746816143394
0.8176149949431419
0.8170521995052695
0.8158462326973677
0.81284290086478
0.8167549343779683
0.8148198816925287
0.8150222860276699
0.8180825663730502
0.8188567319884896
0.8238591942936182
0.8114262251183391
0.822163125500083
0.8099745782092214
0.8160672755911946
0.8060166109353304
0.8079763539135456
0.8097015665844083
0.8065357245504856
0.813631939701736
0.8124927086755633
0.8097446411848068
0.8056782707571983
0.8038692846894264
0.7991796275600791
0.8037341060116887
0.8062793835997581
0.8029758036136627
0.800107036717236
0.7996247503906488
0.8036711160093546
0.7998250164091587
0.7970090499147773
0.8003007201477885
0.795091800391674
0.7942434856668115
0.8021865440532565
0.7986155170947313
0.7943407651036978
0.7969582043588161
0.7959266025573015
0.7975970692932606
0.8047842867672443
0.7890797881409526
0.791550881229341
0.7935185628011823
0.7977910879999399
0.7905334932729602
0.788275339640677
0.7894119927659631
0.7880172990262508
0.7951945783570409
0.7870550993829966
0.786786625161767
0.7881914917379618
0.7872831830754876
0.7838290287181735
0.7880472792312503
0.7929034009575844
0.7876769620925188
0.7835388984531164
0.7905197478830814
0.786445970647037
0.785817296244204
0.7897946126759052
0.7824067948386073
0.7843273673206568
0.7805971885100007
0.7821954628452659
0.7884357254952192
0.7865839367732406
0.7811197005212307
0.7871982920914888
0.7794419443234801
0.7793509215116501
0.7845024261623621
0.7834934322163463
0.7794855190441012
0.7832570355385542
0.784210198558867
0.7772290827706456
0.7766161412000656
0.7767600435763597
0.7797758635133505
0.7764839949086308
0.7814259957522154
0.7783764228224754
0.7743499875068665
0.7758649308234453
0.7749362187460065
0.7794756256043911
0.7759516080841422
0.7780709657818079
0.773871622979641
0.7774003194645047
0.7738432269543409
0.7726611131802201
0.7723451694473624
0.7726761270314455
0.7709942497313023
0.770453030243516
0.7792357262223959
0.7735699582844973
0.781888940371573
0.7737197717651725
0.7690344722941518
0.7739050555974245
0.7758695492520928
0.7702989000827074
0.7704457407817245
0.7713238783180714
0.7722929082810879
0.7746224589645863
0.769924720749259
0.768845371901989
0.7749378215521574
0.7739823022857308
0.7761383699253201
0.7694966113194823
0.7719353940337896
0.7739283824339509
0.7687263926491141
0.7681157505139709
0.7680705487728119
0.7726275166496634
0.7756061609834433
0.7709503937512636
0.7722977586090565
0.7681721691042185
0.7688591703772545
0.773230311460793
0.7691209176555276
0.7676203669980168
0.7674835985526443
0.7742461934685707
0.7682127198204398
0.7691610865294933
0.7674532271921635
0.7709292164072394
0.7736381469294429
0.7678078068420291
