8.364290959494454
8.330640411376953
8.222440447126116
8.022121013913836
7.687948758261545
7.35406129019601
7.135802575520107
6.962337970733643
6.819757311684745
6.726571593965803
6.608011095864432
6.534545884813581
6.439735283170427
6.36220406804766
6.260941416876657
6.1708512783050535
6.058106708526611
5.929567003250122
5.792063665390015
5.63223580632891
5.4747561182294575
5.309762300763811
5.130857692446027
4.9609733581542965
4.756415285382952
4.57102336883545
4.349793839454651
4.16943073613303
3.9544385841914584
3.7761814423969815
3.542646166256496
3.360138576371329
3.1618556227002825
2.992432560239519
2.8030375378472465
2.6121709721429007
2.4417769023350306
2.2748626964432854
2.112773714746748
1.9726564526557921
1.8573371052742005
1.7205909643854413
1.6446757299559458
1.5463478326797486
1.4777254973139082
1.4125221456800188
1.373918536731175
1.352966288157872
1.2952600036348616
1.2724700450897217
1.2430330557482583
1.22099677835192
1.2052434648786272
1.1945272615977696
1.1603596338203974
1.1370484735284532
1.122884362084525
1.143992429971695
1.1271856103624616
1.12035864847047
1.110609517778669
1.1141269956316266
1.115574426310403
1.0916240308965957
1.0872608355113438
1.0726912558078765
1.0929865734917776
1.065554930482592
1.074655954326902
1.0779969598565782
1.0647574041570935
1.0678246566227505
1.0713895329407284
1.0691376081534794
1.059247908421925
1.0550448596477509
1.042463596378054
1.052057088272912
1.0475954387869153
1.0365206471511297
1.0532717321600233
1.0370263806411197
1.045367773941585
1.0307721393448965
1.0340318092278071
1.0451800831726619
1.0301116917814528
1.0273340821266175
1.0194595643452236
1.0383279451302119
1.0225998316492353
1.0210774157728468
1.0186581807477133
1.0300933940070016
1.0212377429008483
1.0227490535804205
1.0089230384145464
1.0023128756455013
1.0221713917596
1.0314919991152627
1.0225927438054765
1.0138300836086274
1.0128229209354946
1.0140615889004299
1.0047770048890794
1.006241546358381
0.9888616178716932
1.0181873466287341
1.0109401294163296
1.0126347405569893
1.016672250202724
0.9918967970779964
1.0213536475385938
1.0118132693426949
1.0044061660766601
1.0237180760928564
1.007487952709198
0.9977955664907183
1.0079191855021885
0.9956938905375344
1.0068719932011196
0.998078385421208
0.9997221580573491
1.0110982298851012
0.9992417582443782
1.0035496073109762
0.9974534971373422
1.0009018659591675
1.0041382942880903
1.0032798392432076
1.0028195440769196
0.9973532046590533
0.9946758270263671
0.9993729633944375
0.9983360460826329
0.9887660094669887
1.0036609956196376
1.0000124999455042
1.0009988699640546
1.0055770252432141
1.0069340458938054
0.9930510001523154
1.0099126270839147
1.0043758060250962
1.001230127470834
1.0044401577540807
1.0083976439067295
1.0042934903076717
0.9885406417506082
0.9928537368774414
1.0101777408804213
1.0034437588282994
1.01396330169269
0.9957873548780168
0.9943082903112684
1.001985846246992
0.9953761254038129
1.000709388085774
1.0025044279439108
0.9952629140445164
0.9891892910003662
1.0038180930273874
1.0047840680394853
0.9967259739126478
0.9884456889969963
1.0084738901683263
1.0125094524451665
0.9989542731216976
1.0132967301777431
1.0007628994328635
0.999065546478544
1.0028104518141066
1.0021437321390425
0.9995134915624346
0.9915691878114428
1.0080063147204263
1.0094134364809308
1.0063213382448468
0.9985119947365352
0.99331066097532
1.0064214025224958
1.0049345885004317
1.0047137788363865
0.9960540362766811
1.011247536965779
1.0138729870319367
1.0184226087161472
1.0029107911246165
1.0149944118091039
1.0034674559320722
1.0156331002712249
1.0089169928005763
1.0099680313042232
1.0078565095152174
1.011442025218691
0.9981332233973912
1.0076052759374892
1.006210356099265
1.0026858397892544
1.0004214440073287
1.0121842086315156
1.007474981887
1.0034840864794594
1.0054074662072319
1.0026228155408587
1.0096260002681188
0.9930704150881086
0.9978580755846841
1.00069756933621
1.0006896563938685
1.0055804610252381
0.990172301019941
0.9992603923593248
1.002078184059688
0.9820286188806806
0.9972893161433084
0.9928839113031115
0.9957249266760689
0.9903185307979584
0.980217261825289
0.9768565033163343
0.9851265864712851
0.9710577292101724
0.9870358322347913
0.982260297877448
0.9730453474181039
0.9784209949629648
0.974739203282765
0.9613905276571001
0.9579142374651772
0.960829301391329
0.9560227939060756
0.9665882195745196
0.9626245541231973
0.9727367179734366
0.9602528589112418
0.958104693038123
0.9553216006074633
0.9533414687429156
0.9545760861464909
0.9380646220275334
0.9438674109322684
0.9462579565388816
0.9391730938638959
0.9397000942911421
0.9380062597138541
0.948600275175912
0.9349873951503209
0.9365649878978729
0.9218831973416465
0.9282577242170061
0.9324008899075644
0.9249600887298584
0.9259373153959002
0.925098386832646
0.9293595858982631
0.9154677672045571
0.9221416669232505
0.9130710312298366
0.9187133516584124
0.906019526720047
0.9170049514089312
0.904080274275371
0.8919694815363203
0.9078087517193385
0.8987456645284381
0.8880337485245295
0.9024137301104409
0.900531530380249
0.9066410030637468
0.9049814684050423
0.9090592103345053
0.9029023323740278
0.9045845014708382
0.8956570497580937
0.9012855998107365
0.8927280707018715
0.8950297619615283
0.8884740148271834
0.8870116565908704
0.8908683589526585
0.8929380425385066
0.8894859262875148
0.8890380161149162
0.8894310559545244
0.8876838556357792
0.8841114716870444
0.8900909824030739
0.8811301027025495
0.8864717142922538
0.8840957743780954
0.8770014115742275
0.880398621729442
0.8763826055186136
0.8759242883750371
0.8734706955296653
0.8730851215975625
0.8746330661433084
0.8712950944900513
0.8758285207407815
0.8668293978486742
0.8656436204910278
0.8625663391181401
0.8597838946751186
0.859672542980739
0.8637336075305939
0.8518764104161943
0.8501289146287101
0.8572707789284842
0.85970122388431
0.8567403733730317
0.8513747547354017
0.8604819127491542
0.859948822430202
0.8637985212462289
0.8588928844247545
0.8573593642030444
0.8581312801156725
0.8597531931740897
0.8480539739131927
0.8583308722291674
0.8521631504808154
0.8456063321658543
0.8494865383420672
0.8435062936374119
0.8383215325219291
0.8354650812489646
0.8399677055222647
0.839696376664298
0.8375832438468933
0.8384613735335213
0.8345588505268097
0.8405511600630624
0.8387809523514339
0.8353108857359205
0.8367828513894763
0.8297214107854026
0.8340830087661744
0.829129969222205
0.8372097040925707
0.8322713485785893
0.8320479444095067
0.8257023070539747
0.822142607825143
0.8236041809831347
0.8302451585020337
0.8255097644669669
0.8248572834900447
0.8235522678920201
0.8229141099112375
0.8253345932279315
0.8217193816389357
0.8202370890549251
0.8229377005781446
0.8133620279175895
0.819569194316864
0.8189420674528395
0.815559858083725
0.8191330535071236
0.8182934054306575
0.8184726996081216
0.8163235000201634
0.8177401321274894
0.816638731104987
0.8173257665974754
0.8156979969569615
0.8144978582859039
0.8188181987830571
0.8177961613450732
0.8163898689406258
0.8143350984369006
0.8115318536758422
0.8122928048883166
0.812438999755042
0.8142231217452458
0.8114694578307016
0.8066438589777265
0.8076104513236455
0.809525397845677
0.8056144297122956
0.8014602252415248
0.8077962585857936
0.8043404298169272
0.8014076241425105
0.8055178897721427
0.8046843307358879
0.8048112332820893
0.800671523809433
0.7997854454176766
0.8016095527580807
0.7966361216136387
0.8023380671228681
0.7978363071169172
0.8001311395849501
0.7993178129196167
0.8015143471104759
0.7978996174676077
0.79398877790996
0.7950196598257337
0.7984412261417934
0.7969719018254962
0.7961713867528099
0.7961162081786565
0.7945200026035308
0.7919804819992611
0.7960769261632646
0.7971880674362183
0.7936769264084952
0.7894076994487218
0.793535737480436
0.7888597641672407
0.790139125926154
0.788030754668372
0.7902091818196433
0.7851683488913945
0.7900188139506749
0.7894633250577109
0.793955135345459
0.7847335934638977
0.793875413281577
0.7852549808365958
0.7840501589434488
0.7853053195135934
0.7824166774749756
0.7852093126092639
0.7861276464802879
0.7862174366201673
0.7839670360088349
0.7817790244306837
0.7841465839317867
0.7813232779502869
0.7831394953387124
0.7786527054650443
0.782682068007333
0.7834677134241377
0.7805821495396751
0.7804194407803672
0.7818897817816053
0.7818166477339609
0.7786007174423762
0.7783245921134949
0.7778429108006614
0.7779449616159712
0.7766191380364554
0.7793112558977945
0.7774683935301644
0.7781668211732592
0.7780668488570622
0.7756771232400622
0.7781849656786237
0.7785170963832311
0.7798017280442374
0.7744955905846187
0.7761020421981811
0.7739214326654161
0.779279214143753
0.7755729692322867
0.7777303278446197
0.7756119898387364
0.7752029606274196
0.7758915066719055
0.7749855467251369
0.7746691942214966
0.7722036463873727
0.7731353189264025
0.775293140751975
0.7725894672530038
0.7726483021463667
0.7708066429410662
0.7724930439676557
0.7760009501661573
0.7719011425971984
0.7744174097265516
0.7731020782675062
0.7716928064823151
0.7739665389060975
0.7729040775980268
0.7710571961743491
0.7723731815814971
0.7721951850822993
0.7762173746313368
0.7709048739501408
0.7715691311018807
0.7729316157954079
0.7715504952839443
0.774395466702325
0.7726212169442858
0.7729248055389949
0.770149142401559
0.7729012276445116
0.7729770890304021
0.7712462842464447
0.7730909926550729
0.7724719090121133
0.7697447206292833
0.7701158506529672
0.7720019885471889
0.7708298129694803
0.7710511428969247
0.7715783945151737