4291.068118032738
4149.073815698535
3723.578499562922
3047.6345578922674
2181.89437601368
1562.5295449440969
1256.1447353245621
1056.0998035455782
915.7627381947397
834.2820994994374
741.007758731763
688.5210454566369
626.2410013352118
579.5222562800977
523.7117391766889
478.5933488610277
427.56516458010924
375.99167539959996
327.6885666433129
279.28584917090404
238.59227152893092
202.3021356094519
169.16214493562737
142.73265830144086
116.32817427945596
96.64296057782192
77.46249156947964
64.67862242278262
52.166398680894964
43.649046699271345
34.55824516795489
28.793180657286317
23.61437466778189
19.934114495130085
16.494673949307252
13.62860608258335
11.493445338798992
9.726583426372494
8.271151311363893
7.189750374168611
6.406653791843319
5.5878296970673516
5.179330133002639
4.694294488505112
4.382965268707534
4.106299038892868
3.9508017647411298
3.8688847536448723
3.651945369783224
3.569658900290899
3.466110443960098
3.3905656922864473
3.3375715606128336
3.3019964209635893
3.191080690319197
3.1175532316310357
3.0737071139137626
3.1392767216758077
3.086956365077004
3.0659536057029384
3.0362084535886336
3.04690705459631
3.0513204346027996
2.9791083099647864
2.9661381944850995
2.923236099305742
2.9831702385797305
2.9024491947731623
2.928985022542038
2.9387871430502357
2.9001353379354233
2.909044441451544
2.9194333316409935
2.9128663842677063
2.884200990077075
2.872103992584907
2.8361956558892265
2.8635356090498325
2.8507879757538808
2.819390275332259
2.8670158983010325
2.820816496029234
2.844444443853618
2.8032294830492086
2.8123819947492352
2.843910617987453
2.8013787082044974
2.793608368139287
2.77169643554773
2.8244903609781398
2.7804139837929425
2.776184257918949
2.7694761332627467
2.8013274496777023
2.7766293912503452
2.7808289134946342
2.7426456998608515
2.7245761524861694
2.7792229986835686
2.805248141669553
2.780394276722881
2.756137060548099
2.753362579590037
2.756775194725418
2.7312981387800797
2.735301168755548
2.6881725622653803
2.768172476334672
2.7481834490175174
2.7528444995254273
2.7639816036989586
2.6963440424094465
2.776951234125272
2.750584045587675
2.730285455204724
2.7835249053424778
2.738712591071257
2.7122961568402255
2.739893868435565
2.706601775197991
2.7370261744463895
2.713063354022304
2.7175266806658764
2.7486179724573523
2.7162214948873444
2.727947806574888
2.7113685221144417
2.720734460113816
2.729554186704006
2.727211992620152
2.7259569589876222
2.7110966058816084
2.7038476848487205
2.716577900516791
2.713762493787128
2.6879155626609883
2.7282516849911165
2.718315807046131
2.7209983950538477
2.7334841071773286
2.737196019560084
2.6994579676979944
2.745361134329518
2.730202564855804
2.7216277191237914
2.7303782637645337
2.741205107346093
2.7299778355224684
2.6873098615241124
2.6989255162971815
2.746089063930448
2.7276590727200305
2.7565042523044676
2.706854757770099
2.7028541041523813
2.723685281664243
2.705741848157616
2.720210829326152
2.725098101299021
2.705435544783918
2.6890535485091474
2.7286803199263545
2.731317430417767
2.709396655920098
2.687054706166996
2.741414121955988
2.7524996224408906
2.7154407338516275
2.754667457334664
2.720356395366679
2.7157429068689916
2.72593217398321
2.7241153470943424
2.716959683057344
2.695460839795916
2.740132603646632
2.7439910178525504
2.73551943230357
2.714240018653617
2.70015900218721
2.7357931737752006
2.7317285805188596
2.7311254550391504
2.707576721845798
2.7490283912211697
2.7562553107997583
2.768823798982533
2.7262057058608145
2.75934797756995
2.7277237111060018
2.7611109042067237
2.7426291189338143
2.7455132431363265
2.739722148264587
2.7495630969454896
2.713212137005337
2.7390339245233735
2.735215855333815
2.7255925112188724
2.719427673483679
2.7516045345354074
2.738677067947569
2.727769075021651
2.733020659539221
2.725420738212409
2.7445743529710795
2.6995103780098835
2.712465705314662
2.720178680025581
2.720157155493689
2.733493498849021
2.691698214744245
2.7162721097424805
2.723936792417422
2.669866894388875
2.710923403476299
2.699006956053255
2.7066857789692134
2.6920918499565705
2.6650351894452613
2.656093683293077
2.6781508806339787
2.6407361664384106
2.6832690131885815
2.670485518130766
2.6459901614635406
2.660252371941837
2.650475885428777
2.615330635717379
2.606254771788022
2.6138632552756773
2.601329847063387
2.628959707799356
2.6185600150994484
2.645173656994555
2.6123569476497592
2.6067511948055895
2.59950645135828
2.5943641786710545
2.597569203920117
2.555031678036494
2.5699010878080872
2.576051902535363
2.557865428969007
2.5592137804025965
2.5548825648275786
2.582092909135826
2.547181350698625
2.5512029369027247
2.514020331236618
2.5300972082057
2.5406015657731293
2.5217676114012746
2.5242331544576966
2.5221163911948383
2.532886561828
2.497943434682375
2.5146702130034932
2.4919636925836324
2.5060638917469094
2.474453408845824
2.5017861866257016
2.469659468855786
2.4399303200391085
2.4788847258739417
2.4565198778373736
2.430346278218345
2.4655470999525972
2.460910812444578
2.4759917010596073
2.4718861146407636
2.4819864074935065
2.4667520661972593
2.4709050523256657
2.4489443392415033
2.4627672098977182
2.4417819269602714
2.4474086280598284
2.4314165133653725
2.4278635099162464
2.4372451362906946
2.4422946862267563
2.433878136862549
2.4327882221963377
2.4337445928225576
2.4294960660886584
2.420832457420614
2.4353512153164063
2.4136258107898345
2.426552957555142
2.4207944571638675
2.403681238477813
2.4118609349982645
2.402194286086698
2.4010935715206285
2.3952094870381777
2.3942861347197817
2.3979952268768403
2.390004131230021
2.4008636354800488
2.3793548936382316
2.376535180585889
2.3692331541000127
2.362650057273948
2.362386986833786
2.3720002998092315
2.344041111076664
2.339948486073329
2.356719898919513
2.362454743198805
2.3554702130419445
2.34286550443681
2.364299805426577
2.3630397559791247
2.372154280159844
2.3605458494294838
2.356928678846097
2.358748731971839
2.362577521484268
2.335098265387722
2.359219566602333
2.344713337948911
2.329389770414469
2.338445841337254
2.3245030950480308
2.3124822912144922
2.3058862233881623
2.3162921721272287
2.315663780471698
2.3107756418051535
2.3128056936893224
2.3037975050240576
2.3176440176447235
2.313544935515696
2.3055306934901876
2.3089268543871206
2.2926799353837177
2.302701522740869
2.29132435009308
2.309912636433061
2.2985335866501377
2.2980201420190745
2.283483909170844
2.275369843644802
2.278697894635328
2.293881035774178
2.2830442835962623
2.2815551265079126
2.2785796034543577
2.277125973567654
2.2826443949258515
2.274407051297503
2.2710382120119204
2.2771796931216395
2.25547823464567
2.269521903963632
2.2680990720038685
2.2604408442377295
2.2685322886642094
2.266628319335583
2.2670347490298655
2.2621676709159453
2.2653746012546434
2.2628808888932332
2.2644361025614965
2.260753120557223
2.2580415307788706
2.2678181429883955
2.2655015319769674
2.262317813524515
2.2576740421872827
2.251354091579169
2.2530679141898635
2.253397325231817
2.257421249470914
2.251213620820356
2.2403763361782003
2.2425429137266795
2.246841377830724
2.238071213895895
2.2287930934010722
2.242959633199282
2.235221726912035
2.2286758595182268
2.237855161063879
2.2359905539105793
2.236274324810397
2.2270359341245762
2.225063479709355
2.229125938389466
2.218067057110011
2.2307504803357254
2.220730747178615
2.225832804143927
2.2240232109666893
2.2289137231131155
2.2208713468716694
2.2122028369800666
2.2144845327561224
2.222074515851352
2.2188119651920593
2.2170364835152023
2.216914153978212
2.2133783259509983
2.2077645372702333
2.216827070832705
2.2192916478791753
2.211513065762494
2.202091739759389
2.2112008466448105
2.2008854665121325
2.203702997149909
2.1990616676322214
2.203857384940184
2.192776061080803
2.203437881237582
2.2022142358603913
2.21212841405533
2.1918229469877377
2.2119520656421123
2.1929660337650976
2.1903254912877994
2.1930764275524535
2.1867505557782145
2.1928658871805125
2.1948805951450154
2.195077682628796
2.1901434325719364
2.1853566121026615
2.190536703580661
2.1843608704383985
2.18833174953217
2.1785351588548894
2.1873309756879133
2.189050117473503
2.182742578293504
2.182387455848251
2.185598669816425
2.185438833983967
2.1784219040636397
2.1778204696383985
2.17677170682047
2.1769938594831317
2.1741094622152417
2.1799703066332428
2.1759566208637477
2.177476899958607
2.1772592234304478
2.1720623832735626
2.1775164095583395
2.178239749732832
2.1810397836016113
2.1694975361617552
2.1729855298757887
2.168252259497616
2.1799004576799073
2.1718361660521257
2.1765266532217766
2.1719209140698834
2.1710327166330905
2.172528087379305
2.1705607552455266
2.1698742015185224
2.1645308627161657
2.1665484363938963
2.1712285094620687
2.1653661450116117
2.1654935478456747
2.161509116827466
2.1651573633597967
2.1727658694561613
2.163876182952792
2.1693279296128827
2.1664764200932813
2.163425416352859
2.168350063411658
2.1660474987764466
2.16205075777757
2.164897857984593
2.164512548037679
2.1732361600367764
2.161721454478036
2.1631578704362124
2.1661071486413257
2.1631175585955944
2.1692803285198257
2.1654348958096308
2.166092396946457
2.1600883905323376
2.16604132565056
2.166205650780307
2.1624596144408716
2.1664524035084614
2.165111603338749
2.159214980382111
2.160016478609747
2.164094412105702
2.161559199635328
2.162037670324138
2.163177908754396