17372.726054370578
42.08009551594525
13.168848630457601
11.109940812584913
10.78468825487058
9.852493429006788
8.713767395044874
9.112117253160097
8.505534524359458
8.243000155235293
7.70376048416145
7.483899641578266
6.962792282005261
6.204996115188029
5.802314783708585
5.214304328072121
4.701951542721116
4.305431348311022
3.9081805307140978
3.5797040653716206
3.3030552986338715
3.086838292710138
2.909346412780404
2.814606407908071
2.695682831311362
2.6357344624657575
2.5715767731957078
2.50603922795398
2.476188026656493
2.4312314965939636
2.3992932591556833
2.373083975809018
2.3486635506877445
2.3490030044414754
2.2912846571432564
2.2785140178683374
2.275756901100571
2.279773544032598
2.2406462925123742
2.2172021124075134
2.223980380372489
2.2102224181318992
2.1983026325038533
2.2158528488674567
2.1914214572876007
2.1749824801670266
2.16883853364725
2.2107038896975646
2.169179920305462
2.1665562143200034
2.157275949531316
2.1416959748753577
2.16601043932321
2.178121298190603
2.162722233433817
2.143805519794741
2.148451587176993
2.1747963910767085
2.157668040401025
2.1408110928742117
2.142521641083537
2.1284827072775987
2.13356356970502
2.1546035350814208
2.1820036865202663
2.150865007392835
2.131661402525521
2.1483787268497037
2.1377049708482265
2.1286630208835247
2.1629220983570843
2.1772593150605704
2.1407720689810192
2.140399189675785
2.120991239631729
2.1426659358172118
2.1726351632198733
2.124953494757081
2.116734010178998
2.195907337338433
2.15311767445324
2.1483782686871966
2.1269199568487176
2.117735302716199
2.1289138666816148
2.1431756564208992
2.190951359611231
