9.76265678729957
3.7395748382924974
2.57785408827806
2.40784027623725
2.3781273739871494
2.287724563150163
2.164904234091891
2.209605094055954
2.140717072122158
2.1093643741634684
2.041708584210015
2.0127539985916094
1.9405805838344454
1.8253547925787
1.7582569385723081
1.651405681294017
1.5479776443908302
1.459877329912807
1.3630719282809465
1.2752801336917932
1.19484788821034
1.1271473608341163
1.0679284555378445
1.0348224322451411
0.9916515419570988
0.9691618765379822
0.9445192412006281
0.9187035099642811
0.9067202916226373
0.8883979177002191
0.8751742186357212
0.8641903648633119
0.8538464645488404
0.8539909847059601
0.8291126459245979
0.8235234839382658
0.8223127008497546
0.824076115240794
0.8067643476950885
0.7962460912996243
0.799298554574464
0.7930931521542687
0.7876855319012326
0.7956373627395198
0.7845504005299749
0.777020609412585
0.7741917863108281
0.7933109669442218
0.7743491792138507
0.7731389089279067
0.7688462913205198
0.7615980267862422
0.772886968199322
0.7784627154258426
0.7713677214495521
0.7625825300432805
0.7647473906660215
0.7769350468605841
0.7690280275709568
0.7611847725873628
0.7619834722945777
0.7554093818826648
0.7577936191734443
0.7676067321901618
0.780243576923781
0.765870090246876
0.7569016768641917
0.7647134771428095
0.75973281002585
0.7554940929156188
0.7714601307685247
0.7780668909421385
0.7611665438660143
0.760992348869529
0.7518835452730865
0.7620508181136999
0.7759407917433352
0.7537499173167069
0.7498743395629753
0.7865953266451784
0.7669168729282303
0.7647132638831314
0.7546749035629943
0.7503472642587873
0.7556119279213059
0.762288680664203
0.7843358602807474
