6.493951312700907
6.451138544082641
6.326885771751404
6.115339835484822
5.780746006965638
5.344713799158732
5.070542208353678
4.835461910565694
4.748955488204956
4.586096858978271
4.552590497334799
4.381419201691945
4.3168454686800635
4.240248970190684
4.107963009675344
4.064903859297434
4.012385427951813
3.891449336210887
3.756187017758687
3.7378535985946657
3.6355205535888673
3.550687821706136
3.504743691285451
3.3505422472953796
3.293424832820892
3.161821210384369
3.077738626797994
3.0019463817278544
2.9153392712275186
2.830868124961853
2.7292022426923115
2.6466714183489484
2.5870537519454957
2.4751314163208007
2.4092562834421796
2.3432655056317646
2.267599763472875
2.1625536839167276
2.1056982815265655
2.0335451940695446
1.9559527774651846
1.9037950396537782
1.8397473792235057
1.79557293454806
1.7314383745193482
1.6934487183888753
1.6552811980247497
1.6029073139031729
1.5788749078909556
1.540040276447932
1.507636708021164
1.4687705119450887
1.4553946753342946
1.432603120803833
1.408918591340383
1.3940409660339355
1.3826716323693593
1.3691793382167816
1.3565005560715993
1.3497280995051066
1.3423963407675426
1.3304692645867666
1.325170358022054
1.3185657103856405
1.3129929701487224
1.3190819025039673
1.3067987620830537
1.3006360908349355
1.2959931770960489
1.299043067296346
1.2979599277178446
1.2930440088113149
1.2859454154968262
1.2858536899089814
1.2862075010935465
1.2894220570723216
1.2871254642804464
1.289551842212677
1.284173353513082
1.2844026625156402
1.2821025590101878
1.2871977726618449
1.2829597890377045
1.2791929244995117
1.2771274189154307
1.2755139072736104
1.2685372571150462
1.2761554419994354
1.2763897716999053
1.2746604681015015
1.2754224439462025
1.2777418712774913
1.270904505252838
1.267990271250407
1.269946151971817
1.2716449916362762
1.27684073249499
1.2802680293718973
1.2764674246311187
1.2754129687945048
1.27802517414093
1.2718754053115844
1.269350395600001
1.2731377363204956
1.272924049695333
1.2692488054434459
1.2722293516000112
1.2722764015197754
1.2732266068458558
1.2679943005243937
1.2701150914033255
1.2712785085042317
1.268789428472519
1.269373466571172
1.2756613790988922
1.2763675212860108
1.2728613277276357
1.270621790488561
1.2776635150114695
1.2775110602378845
1.2697353223959604
1.267819227774938
1.2751914779345195
1.2708005885283151
1.267539878686269
1.2705390930175782
1.2665616810321807
1.2687909642855326
1.2688096861044567
1.2656862278779348
1.2675406555334727
1.2752091149489084
1.267717045545578
1.2709833840529123
1.2729513506094614
1.2764276385307312
1.2780900637308756
1.270181773106257
1.2639035721619925
1.269481466213862
1.26096111536026
1.2675550639629365
1.2654485086599985
1.2714374562104542
1.2743447820345561
1.2777489721775055
1.2826273500919343
1.2778547406196594
1.274025708436966
1.2809881091117858
1.2810488263765971
1.2783112347126007
1.2770651678244274
1.2783704578876496
1.2730972568194072
1.2639794727166493
1.2635002930959065
1.2604077438513437
1.264814672867457
1.266847982009252
1.2694757640361787
1.26891734401385
1.2629120171070098
1.2579343875249227
1.2669423739115397
1.2712827761967977
1.268365486462911
1.2715788185596466
1.2738170405228932
1.2717412471771241
1.2790282507737478
1.2789522965749105
1.2883849442005157
1.2958996772766114
1.2995977441469828
1.3038273016611734
1.3012377897898355
1.2891468981901804
1.280598165591558
1.283658860127131
1.2769298791885375
1.2780016442139943
1.2842095335324606
1.287493316332499
1.2824913263320923
1.2792459368705749
1.280287750562032
1.274708370367686
1.2725648780663807
1.2703683952490488
1.2706333597501118
1.2691960692405702
1.2699982404708863
1.2649532536665598
1.2594132324059804
1.2578142960866292
1.2629628241062165
1.2608840028444925
1.2649742046991983
1.2751746833324433
1.2751588861147563
1.2726072867711384
1.2750433425108592
1.2902291019757588
1.2936076680819193
1.303334003686905
1.3012020726998648
1.2943278789520263
1.2987525820732118
1.2970934847990672
1.3023663938045502
1.2976558725039165
1.2804961860179902
1.2734612941741943
1.2653323570887247
1.2641521871089936
1.258170485496521
1.2537542680899303
1.2516521116097767
1.2503779967625936
1.2433290302753448
1.243204669157664
1.2483809888362885
1.2452851990858713
1.243657898902893
1.2424536645412445
1.24397620956103
1.2461306174596152
1.241345206896464
1.2470521489779154
1.2428260743618011
1.248546693722407
1.2674966951211293
1.2819568554560343
1.293649023771286
1.2964042981465658
1.2960710008939107
1.290149207909902
1.288221780459086
1.290857328971227
1.2925816218058268
1.2775697628657023
1.26327073375384
1.2608296950658162
1.2541517237822215
1.2508337159951528
1.250542668501536
1.2437585373719533
1.251105793317159
1.2534338772296905
1.2558180530865988
1.2489583611488342
1.2404067794481912
1.2350354095300038
1.245287428299586
1.2430014411608379
1.251369160413742
1.2604826112588248
1.254540636142095
1.2560664554437002
1.250291363398234
1.251725083589554
1.2510845144589742
1.2503547191619873
1.2479891300201416
1.2416712979475657
1.2377905150254567
1.2345880885918936
1.2361302375793457
1.2363143761952717
1.2336980700492859
1.2261921167373657
1.2297312100728353
1.2290088792641958
1.2258442401885987
1.2262041489283244
1.2300747374693553
1.225253939628601
1.23231161236763
1.2408245086669922
1.2623498797416688
1.2940397282441458
1.3093990325927733
1.2888781646887462
1.2857107798258463
1.279533145825068
1.2686475813388824
1.2575392921765645
1.2421992441018423
1.2349274237950643
1.2395863811175027
1.2373988072077433
1.2369083722432455
1.2320743958155314
1.2292856335639955
1.2292744199434915
1.2232478042443593
1.224666945139567
1.2266425848007203
1.2318412065505981
1.2301844477653503
1.2236056089401246
1.2235372324784597
1.2278568585713705
1.2245741923650106
1.2225696901480356
1.224318697055181
1.2285867949326834
1.220744510491689
1.221655285358429
1.2190231223901113
1.22176899711291
1.2180454015731812
1.2212240199247997
1.2216170807679494
1.2199179391066233
1.2190432369709014
1.219031802813212
1.2223564525445303
1.2239025791486104
1.2311882575352986
1.223485956589381
1.2225854953130086
1.2193798025449116
1.2209609886010488
1.224122154712677
1.2170959909756978
1.220238874355952
1.219834413131078
1.2286538163820901
1.2205438832441966
1.2261626442273459
1.2188835362593333
1.2225592096646627
1.2285305400689444
1.236614364385605
1.241799420118332
1.2438373963038127
1.2353994846343994
1.2375287274519602
1.2262642780939739
1.2222466309865316
1.2189275324344635
1.2182098388671876
1.2130883514881134
1.2197921733061472
1.2163889666398366
1.2135195016860962
1.214043128490448
1.2201367100079854
1.2115803360939026
1.2120666265487672
1.213310678799947
1.211036773522695
1.209477279583613
1.2147921442985534
1.2099574685096741
1.2097022036711376
1.2089476803938548
1.209985093275706
1.2097358226776123
1.2105639815330504
1.2095464706420898
1.2088890890280406
1.208973264694214
1.2102647483348847
1.209688558181127
1.209693870941798
1.2112780412038167
1.2079991201559703
1.2079061726729075
1.2066641966501872
1.206449321905772
1.2084380030632018
1.2083369155724843
1.2099830687046051
1.2095387776692708
1.205611264705658
1.2089048425356548
1.208489833275477
1.2076401789983113
1.2062557299931844
1.2033430715401967
1.2060884495576223
1.2026823083559672
1.2063592155774434
1.2037122786045074
1.2063875297705333
1.2028229455153148
1.2044879535833994
1.2027694821357726
1.2046787798404694
1.2052144388357797
1.2042762498060862
1.2024173339207966
1.2043838322162628
1.203480033079783
1.2041617890199026
1.2030149181683858
1.2025985280672709
1.2017289102077484
1.2020675043265026
1.201723611354828
1.2023114383220672
1.203029211362203
1.2015006303787232
1.2032244622707366
1.2015189349651336
1.2022032817204793
1.2017347931861877
1.1980023384094238
1.1997715612252553
1.2005827089150747
1.2006357689698537
1.2008298635482788
1.198945059378942
1.2016792873541513
1.197651783625285
1.1999307533105215
1.2001683791478475
1.1962156077226003
1.1987769703070323
1.1989441752433776
1.1983945846557618
1.2009025673071543
1.1976321041584015
1.1991279443105063
1.1951856811841328
1.2004230777422586
1.1999556203683217
1.201157377163569
1.1970705350240072
1.198607850074768
1.196567682425181
1.1951895773410797
1.1984129945437114
1.1951771199703216
1.1963842670122782
1.1977708955605826
1.1966412405172984
1.1968671123186747
1.1946662962436676
1.1947207987308501
1.1962487320105235
1.195208579301834
1.1967921018600465
1.1958239475886028
1.194760783513387
1.1951022386550902
1.1950679779052735
1.1934357722600302
1.194744751850764
1.1955170651276907
1.1941285610198975
1.1970676680405934
1.1948944787184397
1.1928007125854492
1.1924729824066163
1.193497117360433
1.1951264639695485
1.1942763090133668
1.194592583179474
1.19390110373497
1.1928370118141174
1.1967776894569397
1.1925161480903625
1.1922273993492127
1.1940362612406412
1.195301393667857
1.1930709779262543
1.1937653501828511
1.19260071516037
1.191845581928889
1.1938973426818849
1.1928157567977906
1.192512611548106
1.1927259763081868
1.1921626110871633
1.1925339023272197
1.1923579573631287
1.191937659184138
1.1942480345567068
1.1931878765424093
1.1935209274291991
1.1927891453107198
1.194898827870687
1.1909172753492991
1.193651125828425
1.1929637889067333
1.193366946776708
1.195219490925471
1.1940828243891397
1.1947900931040445
1.1940503696600595
1.192293381690979
1.1928924282391866
1.19269118309021
1.1922110100587209
1.1908153374989827
1.1928405265013378
