661.1305424422046
633.4230624999798
559.4117424794375
452.74988170608384
324.0008071411572
209.49791753772504
159.2606563953253
125.89672280464164
115.46361840824015
98.11074179318382
94.87787111454513
79.95142011745027
74.95181711967984
69.42513447620392
60.822696053811065
58.25930716257535
55.27857647498881
48.9818262380078
42.78497620678332
42.00772788394194
37.92158797883062
34.83727107998862
33.27291462141642
28.518193365113778
26.934953582641917
23.613562056442717
21.7092541203414
20.124669115987587
18.455072615872112
16.96017798931767
15.320659974994776
14.107004094650211
13.290556586492965
11.883268665937551
11.125683712221052
10.415191959788599
9.656195822552938
8.693309300875926
8.212835879359611
7.6411276776235475
7.070652573840914
6.711315883987714
6.294947825538912
6.0229244749835695
5.6487731191157176
5.438203233704827
5.234551660830846
4.967453397415364
4.849496610392217
4.664778147898781
4.516045439018205
4.343891094302822
4.286174779284124
4.189591020945594
4.091528396561365
4.031106749947957
3.9855353016569044
3.9321224283900307
3.882582620599028
3.8563768373627427
3.8282062091068245
3.782818113707091
3.762826328051489
3.738056075475386
3.7172827957817685
3.7399861286556737
3.694328338441579
3.671631416077502
3.6546238609894055
3.6657870771273666
3.661818667616449
3.6438616378100326
3.6180869362432997
3.617755080312272
3.619035308988961
3.6306876190463826
3.6223589754430363
3.631158858927913
3.6116811393405768
3.612509425303282
3.6042098283357693
3.622620911827379
3.607300789869329
3.593738136820788
3.5863229113625614
3.580541003436021
3.555647758178728
3.582838781800465
3.5836784457142907
3.577486533074071
3.58021353021805
3.5885272130964108
3.564074829261738
3.5537034009318114
3.5606608226288365
3.566714955510494
3.5852949086488084
3.597603859858249
3.5839567396551573
3.580179607312454
3.589543997153526
3.567536870098714
3.558540168015352
3.5720431261102368
3.571279909817144
3.5581786737250174
3.568799810025976
3.5689677257208716
3.5723605895658266
3.553717719805328
3.5612624094584437
3.5654080541357707
3.5565445037626264
3.558622267940038
3.5810690712899027
3.583598708272708
3.571055919138644
3.5630673551071372
3.588246040519435
3.587699036979471
3.5599102091463743
3.5530956151317095
3.57938671806443
3.563704481522522
3.5521031997312913
3.5627727106312728
3.5486302396118865
3.5565499659541535
3.5566165516619113
3.5455249395460644
3.552105959173801
3.579449848316193
3.552732570449299
3.564355970295533
3.5713774103542115
3.583814150829074
3.5897769287489285
3.5614998884181555
3.539210119493899
3.559006618627939
3.528811452921308
3.552157139810677
3.5446822003018874
3.565974812609009
3.5763573486641653
3.588552694959821
3.606101781907183
3.5889322706611657
3.575216409490122
3.600195354439272
3.6004139550903296
3.590570971042754
3.586099665797351
3.5907836223527783
3.571898534513143
3.539478757699781
3.537783117901502
3.5268592493996453
3.5424361657338963
3.549646361368137
3.558986324597684
3.55699947017611
3.5357025370771895
3.5181468486400176
3.549981435054508
3.565423270233687
3.5550370546965118
3.5664789428173562
3.5744704543707515
3.5670582881111543
3.5931463912961856
3.59287348710497
3.626924138097765
3.654282170292549
3.6678209683824643
3.6833670815342767
3.6738412976383743
3.6296887405311717
3.59879175526924
3.6098234312124733
3.585614540082138
3.589459536439221
3.6118118123980505
3.62369171273547
3.605611299743805
3.5939286544502522
3.5976748095876028
3.5776579068908143
3.5699974377220736
3.5621646051823888
3.5631085774037468
3.557991033840363
3.5608462969372794
3.5429271133856877
3.523353491057278
3.5177243746930964
3.535882180076708
3.5285393478839913
3.543001342144858
3.5793266041936196
3.5792700612386916
3.570148839899758
3.5788565233677834
3.6336189296758565
3.6459161131606286
3.6815505321013835
3.6737100810615595
3.6485428873789547
3.6647223747979383
3.6586472848715093
3.677989950328994
3.6607054418077327
3.59842477073346
3.573199075715642
3.5442705038047166
3.54009012941746
3.5189775740371982
3.5034712688303995
3.496114159606304
3.491662545184335
3.467136476191791
3.466705326034173
3.4846966252193416
3.4739254184220014
3.4682768961201282
3.464102791710522
3.469381061345991
3.476863580612902
3.4602651078366993
3.480069096752495
3.4653930978560004
3.4852741043210145
3.551949810563352
3.6036847204098406
3.6460668956526976
3.6561266626859186
3.654908288765505
3.6333286366822883
3.6263324038616105
3.635902384367563
3.642177153010866
3.5879096505224846
3.536971079945598
3.5283477259533633
3.504864020189118
3.493254125589137
3.4922375706713744
3.4686259557613504
3.4942046901243775
3.502348968453745
3.510709146413884
3.486709173507286
3.457019423239154
3.4385002742281228
3.47393316255282
3.466000866040598
3.495125069862032
3.527123306092695
3.5062273702209
3.5115813231618462
3.4913600638135156
3.4963692872865306
3.494130338229372
3.4915812686041217
3.483331383633598
3.461393653317095
3.4479867673737785
3.4369625050235864
3.442266902304814
3.4429008149299576
3.4339049055258277
3.4082266660186122
3.4203100678292664
3.4178403645709325
3.4070412300932564
3.4082676746994003
3.4214852398825
3.4050306452302657
3.429147240604149
3.4584638229251756
3.533715545101908
3.6474917086194494
3.7039470917338218
3.6287134526189497
3.617238103574456
3.5949610111855725
3.5560400538973465
3.5167571197410683
3.4632215652618843
3.438128985296235
3.4541844533364654
3.446636428488041
3.444946491909464
3.4283338865934248
3.418786397491157
3.418748060732859
3.398206540096508
3.4030324975147463
3.40976230913745
3.4275345291388755
3.4218606326327587
3.399422651906019
3.3991902193599257
3.413905208871783
3.4027168714465192
3.3959029494763584
3.4018476042967545
3.4163980521155937
3.389710469411439
3.3927991388402416
3.383880481417191
3.393184961918814
3.380573607891479
3.391336257316203
3.39266952081458
3.3869097893742115
3.383948547439076
3.3839098550589797
3.3951788924705095
3.400432329074286
3.4252972543358458
3.399015927327808
3.3959566227068634
3.3850876597066
3.3904443469564804
3.401179062900263
3.377365578592052
3.3879969425554757
3.38662690624418
3.4166270317379843
3.3890304693457165
3.4081262185042758
3.3834081715984916
3.395867358958464
3.4162058685143757
3.4439337994487564
3.461837162996939
3.4688994986847512
3.439752374489863
3.4470842454241697
3.4084726171524373
3.3948060491083485
3.383557031891564
3.3811295459749746
3.3638574009680657
3.386483858737726
3.374978542882493
3.365308041451973
3.3670706683864586
3.387650827737525
3.358788475193134
3.360422219173386
3.364605361484359
3.3569632595977965
3.3517321757227077
3.369593602284822
3.353342026882028
3.3524861458137973
3.3499575710342384
3.3534346634504715
3.3525988549618138
3.355376489394806
3.351964093642907
3.349761298194735
3.3500432784513037
3.354372599562908
3.352440399809698
3.352458210570518
3.357773284051482
3.3467814410971877
3.346470380642243
3.3423167245732834
3.341598622275123
3.3482506086386032
3.3479121594930583
3.3534278741904364
3.3519383071734317
3.338799344631064
3.349814069100514
3.348424153675799
3.345580359064072
3.3409517784206266
3.331234884847788
3.3403929492938333
3.329034454539589
3.3412975366575854
3.332465027374834
3.34139214414057
3.32950267341236
3.3350509398987667
3.3293246717055736
3.335687415913002
3.3374746855236657
3.334344971747957
3.3281524623731826
3.3347037079128823
3.331691167152191
3.3339633418423293
3.3301419082298205
3.3287555587550552
3.325862071767504
3.326988379774665
3.3258444485602436
3.3278000443356057
3.3301895069337215
3.3251029311939364
3.3308397929429407
3.3251637963849183
3.327440140255398
3.3258816377999176
3.313491072990001
3.3193585659170575
3.322052148248337
3.3222284211937865
3.322873310301345
3.3166162433571884
3.3256970370956123
3.312329716413608
3.3198870235909355
3.3206760082626032
3.3075760426660694
3.316058803262069
3.316613311020111
3.3147910323610805
3.323114904463566
3.3122645321720445
3.3172228579605245
3.3041712359730844
3.321521887491955
3.3199695804399103
3.3239617747860932
3.3104049888257703
3.315498038046768
3.308740761539548
3.3041841095678777
3.314852057854297
3.3041429483777525
3.3081339431382073
3.3127242779144996
3.308984155148953
3.309731645776152
3.302455544783054
3.30263554172915
3.3076856055818213
3.3042468961411853
3.3094833905984493
3.3062808506440886
3.302767599533219
3.3038955390713483
3.303782347071896
3.2983942932764516
3.302714651101767
3.3052663667118014
3.3006801754937705
3.3103954979631793
3.3032091932435024
3.296300281051661
3.2952201609747056
3.2985966398119615
3.303975577949199
3.3011678803946065
3.3022121196374012
3.2999294971195074
3.296419936381007
3.309435693333466
3.2953624044760454
3.2944110100936963
3.300375537501403
3.304553591954702
3.2971912771677765
3.2994815503744004
3.295641095403076
3.2931533866868765
3.2999170859328313
3.296349871666055
3.295350750308259
3.296053937045448
3.2941975778439025
3.295420911640078
3.2948411499306873
3.2934566251723063
3.3010745429859836
3.2975767367946855
3.298675180559814
3.296262152061244
3.3032235594344286
3.290097749234027
3.2991046907480515
3.2968378734084434
3.2981672875070105
3.3042829510364276
3.300529216955528
3.302864403718236
3.300422100912191
3.294628390218429
3.296602617251122
3.295939258717379
3.2943570174771035
3.2897623808357963
3.2964315222863907
