1.1362738609313965
1.1927499771118164
1.160949945449829
1.1496272087097168
1.1422392129898071
1.26701021194458
1.213944435119629
1.257595181465149
1.1894747018814087
1.1339914798736572
1.211875319480896
1.1336381435394287
1.2128243446350098
1.1755261421203613
1.2128467559814453
1.1876064538955688
1.1766667366027832
1.2362329959869385
1.18678617477417
1.1462455987930298
1.1895506381988525
1.1859992742538452
1.2026054859161377
1.199439287185669
1.1393952369689941
1.182666540145874
1.2023521661758423
1.1903079748153687
1.21803617477417
1.1633667945861816
1.2059378623962402
1.2672088146209717
1.1618711948394775
1.2491445541381836
1.2987117767333984
1.307488203048706
1.2618892192840576
1.1374657154083252
1.1608792543411255
1.192672848701477
1.2194873094558716
1.13469660282135
1.2270761728286743
1.163093090057373
1.197556734085083
1.1391195058822632
1.156437873840332
1.2047854661941528
1.1655774116516113
1.2974821329116821
1.1375985145568848
1.1609607934951782
1.1769695281982422
1.1931071281433105
1.18349289894104
1.277328610420227
1.1345652341842651
1.211624264717102
1.207250714302063
1.1411277055740356