7.495638098897813
7.3384955200967905
6.30288613597049
5.675494200066675
5.307128097437605
5.1369925329956825
5.007945616034013
4.910748632648323
4.879730625997616
4.772177011151857
4.793784648557253
4.694033897375759
4.70387178734888
4.662249806561047
4.688597347162947
4.537514816356611
4.492209663873987
4.473094203804113
4.298596629613562
4.179696306397643
4.1029982959167866
3.9611829624900334
3.7184128942368906
3.6942533571508864
3.527042615262768
3.4068082103246375
3.307181125954737
3.1580781151976764
3.014762175234058
2.8751980926417096
2.797338968590845
2.55212582364867
2.479133977165705
2.314810236798057
2.30690351769894
2.1442729400683054
2.0534379950052575
2.05861433850059
1.9066403138486645
1.7488682496396801
1.6537509583219696
1.6027564187593097
1.5744552370868152
1.545486993427518
1.4916363894184934
1.4796964835517015
1.431741012802607
1.422373821463766
1.4535194575032102
1.6159004878394212
1.508873216713531
1.4165262859078902
1.4770895212511472
1.4563655219500578
1.4170227277128002
1.3684450176697742
1.3430579900741577
1.2994541110871713
1.2968315550043612
1.29409986960737
1.3148319917389109
1.3550274734255634
1.4286683133885831
1.4266649590262883
1.4839313362218156
1.4336329547664788
1.3302132177956496
1.316214940215968
1.3343819289267818
1.294530762901789
1.2644089897976647
1.316101099871382
1.3693928673297544
1.3219523369511472
1.4031237997586214
1.3886535409130627
1.3345986151997047
1.3452509460569937
1.4173690442797504
1.489467389975922
1.404963177970693
1.3277041685732105
1.3237964548642123
1.4029167769830437
1.3977360483966297
1.3654451128802723
1.3393845739243906
1.2709176661093025
1.2696658161622059
1.3464520535891569
1.494640104378326
1.4168003480645674
1.3320359625393832
1.2943800582161433
1.2634385703485222
1.2730959789662422
1.301017225543155
1.2578021121930472
1.2640007824837407
1.4174395241314852
1.490351500390451
1.3384049481983427
1.2937563733209538
1.2772172282013712
1.2825732744192775
1.276089686381666
1.313928493970557
1.3663038754764991
1.37109374094613
1.3375555684294882
1.2995533309405363
1.255241896532759
1.272590401806409
1.3477679943736596
1.276676218720931
1.2904965470108805
1.367046179650705
1.3534555450270447
1.4448060868661614
1.3518899603735042
1.3193387094932267
1.280359849145141
1.293266863762578
1.2287959132013442
1.2623847526840017
1.3363103926936282
1.303751121593427
1.239070306850385
1.2426139372813552
1.2421746329416203
1.2089466414874113
1.1765743207327928
1.2075398360626608
1.2319847948943512
1.2804136019718797
1.286385438110255
1.2435656816144534
1.2147240352027024
1.1939856145955339
1.2191331009321575
1.2066603431218788
1.1981159011019935
1.1890158396732957
1.2258582567866845
1.2945397805564012
1.313188395922697
1.2755429171308685
1.2383361073988903
1.1971464202373843
1.1835726620275764
1.195223560816125
1.165684829784345
1.1588034237487406
1.1928256252143956
1.2493223947814749
1.239870318883582
1.2176158096216902
1.1831885244272933
1.156939737404449
1.148873689808423
1.1720516591132442
1.2236130886440035
1.2423975467681885
1.2573441463180735
1.2671058283576482
1.2530782026580618
1.287550683262982
1.3378189138219327
1.3486621772186667
1.3091337107404877
1.2576241991187953
1.236858277381221
1.2692603717876385
1.2830079145069364
1.276222530799576
1.2058634275122533
1.219529770597627
1.277259794971611
1.2926937175702444
1.2017155900786194
1.172351443314854
1.1499876327152494
1.1425773146786267
1.1411302316037915
1.1329454379745676
1.1244618937939028
1.1217945542516587
1.1166208182709128
1.1554359650310082
1.1934117667282684
1.2274018601526189
1.2835164749169652
1.2535175673569305
1.2177903003330472
1.1617927837975417
1.1620726932453205
1.1691731818114655
1.1581375146213966
1.1464944232868244
1.2001165211955203
1.1726598799983157
1.1740644838236556
1.233510906183267
1.180818286123155
1.198685555518428
1.2364805197413964
1.2506526270999183
1.1823196214965628
1.153295714643937
1.132624171957185
1.1283869984783703
1.1291240725336196
1.1420144929161555
1.1701837446116194
1.1541138706327994
1.1398370582846147
1.1829743370225159
1.197516450399085
1.2038831695725647
1.2274032121972194
1.2719757768172253
1.1918350141259688
1.2166428173644632
1.2117070019999636
1.1622299106815193
1.1607870708538006
1.163144674482225
1.163850832589065
1.1509742118135284
1.1366202936896794
1.1347449867031243
1.1368877419942542
1.1509601149377944
1.142631536797632
1.1617114106311073
1.17384705060645
1.1602143803729286
1.2221941615961776
1.235499646090254
1.208356175241591
1.2117621551586102
1.2095849755444104
1.1615621424928497
1.1472927588450759
1.1395336676247512
1.2053543917740448
1.3132697042030623
1.1889627447611169
1.16900780985627
1.1357130777986744
1.1654442775098584
1.1700115596191794
1.231858934028239
1.206643905820726
1.2109890482093715
1.2083976374396794
1.1841423239889024
1.1683198183397703
1.1695801049848147
1.1650325271147717
1.1462576781647116
1.1300943184502517
1.1199027828023405
1.1864846431756322
1.1331486762324465
1.1548272476920598
1.2111378289476227
1.266458801076382
1.2016471911080275
1.160197680509543
1.1750726005699061
1.1877511000331444
1.1561107122445409
1.137902315658859
1.1255587067785142
1.2111926863465128
1.1529408240620094
1.1202743521219567
1.1165182922459855
1.1124108064023754
1.1169857948641233
1.1402143587039997
1.176411449154721
1.1363078084173082
1.1166434378563603
1.194072875795485
1.279985984669456
1.1782511291624624
1.1805099943016149
1.1484555292733107
1.116965880876855
1.1174443688573716
1.1117721071726159
1.1391040584709071
1.1951440482199946
1.1958576139015487
1.2087845953204963
1.229253477688077
1.157913171792332
1.1243273563022855
1.1126810221732417
1.164029148560536
1.1480798328979105
1.1441138545169105
1.1205272614201414
1.108728834345371
1.1138403551487983
1.1134913088400153
1.1822947882398773
1.1320532394360892
1.1106902949417694
1.1100077070767367
1.1056415385837797
1.1128390967091428
1.110120506226262
1.1035243665115744
1.1033168819886219
1.0977208689798283
1.164344850974747
1.128025394451769
1.1174986196469656
1.1105730292163318
1.1183643159987051
1.1174705119072637
1.121596491789516
1.162400794934623
1.161570763286156
1.1175345333316657
1.108480059647862
1.1039485584331463
1.1137156758127333
1.1129538333868678
1.1116245275811305
1.1037270555013343
1.0984089268913753
1.0974392136441002
1.1342658875863763
1.16930124276801
1.178065385999559
1.1301112959656534
1.1867712826668462
1.123756995683984
1.106924926178365
1.122650934171073
1.1157800849479964
1.1044861742212801
1.1043781374074235
1.1552974528904203
1.11107515685166
1.1033379593981971
1.1072492388230335
1.0976619871356819
1.140180584750598
1.1027243846579442
1.1413555115084104
1.1068386548682103
1.0969206577614894
1.0954318303096144
1.1067780874952484
1.1416074097911013
1.1265396121182019
1.100451401517361
1.17288339138031
1.1055549760408039
1.1393786955483352
1.100080123430566
1.0965045403830613
1.0905104815205442
1.1293392981155008
1.1609998881062376
1.1056198032596443
1.095260947565489
1.0970128503026841
1.0908074590224255
1.1254332457916647
1.0951764387420462
1.0923458579220349
1.1510607683205907
1.0977045840854887
1.0922150898583327
1.1097375712817228
1.0946243820311148
1.0897996636885632
1.1035220064694369
1.0959083641631693
1.1001113743721684
1.093811943561216
1.088726775555671
1.0873951640310167
1.0869657223737692
1.0944205054753944
1.121393624740311
1.1198029442678523
1.0910715438142609
1.0864728070512604
1.1015742836119253
1.092682593985449
1.087006952189192
1.0841971424561512
1.0860587086858629
1.0849559246739255
1.0869208061242406
1.0831375242788581
1.1399829266946526
1.1180274818516984
1.0909407878223853
1.1439510131184059
1.0885644577726532
1.095629762999619
1.090414445611495
1.1006162136415891
1.087775559364995
1.0878187734869462
1.0895400288738781
1.1530302431009993
1.0881623784198036
1.0835502947433084
1.1199865612802626
1.0873955699461926
1.1287494113173666
1.1392195360570014
1.0858693515198141
1.1195977714997303
1.084837187694598
1.0888359471212459
1.0842424978183796
1.0854447280304342
1.0856856062442442
1.1473580070688754
1.0850496850436246
1.087397501438479
1.0818974307820768
1.1576250535023362
1.0832030275199986
1.0878054929684988
1.1043871852416027
1.124749084062214
1.1445099734052826
1.083771275568612
1.1456603475763827
1.0833016513269158
1.0870456257952918
1.0991688302800626
1.0823232403284386
1.0810220090648797
1.150678332847885
1.0918494387518
1.0812705000744591
1.0804648097557357
1.0814454253715804
1.0804152443439146
1.1018462588515463
1.0808838741688789
1.081642058831227
1.0807534124277816
1.1416673162315465
1.0808279906647116
1.1411280254774456
1.087171162231059
1.0814709708660464
1.0822243358515486
1.0999158651013918
1.080417115477067
1.0801593940469283
1.0819801182686528
1.0810593789136862
1.1441387934020804
1.0806307234341586
1.0802479559862161
1.080985405777074
1.0818797832802882
1.0797444415997854
1.0812476073639303
1.0788161965865124
1.081079338170305
1.084486120863806
1.1235249087780337
1.0794039874137202
1.0788794921923288
1.0802882789056512
1.0793099614638317
1.127555116822448
1.1258454941496063
1.0794906344594835
1.0976415465149698
1.0808323033248322
1.147193098370033
1.0990124352370636
1.0798519095288048
1.0792814025396034
1.0790905650657943
1.1204610685758953
1.0791549592078487
1.079502280754379
1.0785074988497962
1.0988204675384714
1.0782429221310192
1.0831040053427974
1.0796234049374545
1.0780967911587487
