1.0947916507720947
1.0687843561172485
1.0771795511245728
1.0713005065917969
1.1467461585998535
1.069858193397522
1.0682090520858765
1.1440880298614502
1.0781522989273071
1.0657086372375488
1.0684763193130493
1.0776565074920654
1.076020359992981
1.0833128690719604
1.0743932723999023
1.065342664718628
1.0695810317993164
1.0724129676818848
1.0737155675888062
1.0766501426696777
1.0650968551635742
1.0852375030517578
1.0892868041992188
1.0866084098815918
1.0676205158233643
1.0714551210403442
1.0990017652511597
1.074390172958374
1.0725303888320923
1.0731343030929565
1.0729132890701294
1.0794804096221924
1.0670289993286133
1.0755681991577148
1.068279504776001
1.0768911838531494
1.074840784072876
1.0771862268447876
1.0782766342163086
1.0653671026229858
1.088110089302063
1.0697537660598755
1.0746526718139648
1.0971152782440186
1.064166784286499
1.068075180053711
1.08973228931427
1.0758850574493408
1.0723724365234375
1.0676977634429932
1.0731720924377441
1.0796318054199219
1.0707285404205322
1.076481580734253
1.0696412324905396
1.0965073108673096
1.0804095268249512
1.0764994621276855
1.0695830583572388
1.0688916444778442
1.0737987756729126
1.0777276754379272
1.0763185024261475
1.0775654315948486
1.0734814405441284
1.0672882795333862
1.068352460861206
1.074450969696045
1.0731204748153687
1.0816186666488647
1.0870158672332764
1.0734214782714844
1.0800352096557617
1.1064848899841309
1.0727205276489258
1.071163296699524
1.0830053091049194
1.0717787742614746
1.108616590499878