1800.1730873458773
1538.395886050405
546.1458889701668
291.6324277031671
201.7699319250367
170.2031175575126
149.5970903821433
135.74099652158966
131.5952107823494
118.17623310022782
120.75752972472633
109.2931692031811
110.37368968266018
105.87401045334163
108.70060361666559
93.458250359599
89.31859205118613
87.62744113062796
73.59643813166564
65.34600503661102
60.521477129462205
52.51941771689948
41.198955093964656
40.21553473416017
34.02319899299325
30.16879796527256
27.30803895212356
23.525339461758797
20.384242486332607
17.728935745353226
16.400945220913414
12.834358385731141
11.930927486848086
10.123001763238896
10.043277625375973
8.535832918558956
7.794653071723073
7.835105480906595
6.730438609684333
5.748093586380696
5.226547667629146
4.9667038893703115
4.828110725904868
4.690255194388781
4.444362279162963
4.391612551971631
4.185980697472556
4.14695289117499
4.278144799244823
5.032417514516554
4.521633022294391
4.122774198474418
4.380178693904082
4.290338018169351
4.124821424060882
3.9292360499906986
3.830739977231185
3.6672941858665324
3.657689101633129
3.6477110803397457
3.724125248881106
3.87686746599983
4.173138177742109
4.16478627187611
4.410249819300759
4.1939078264835175
3.7818496592578152
3.72927908514601
3.797648004518672
3.6492831932663767
3.540999350821086
3.72885456689401
3.932962140652582
3.7507369360335816
4.067887405714372
4.009447859390151
3.7984709918724553
3.8391498392412573
4.12625016543987
4.434732906683805
4.07537667486531
3.772372706353241
3.7576601188252035
4.067045347538522
4.046029574956345
3.9174663787185495
3.816693889490845
3.5641217358476593
3.5596627817942035
3.8437638414319624
4.45773194590971
4.123904249707811
3.788749292070262
3.6487332706289033
3.5375647629466185
3.571893970154212
3.673031068957161
3.5176815153747616
3.5395541839713878
4.12654099318838
4.438655433950358
3.8129567887471287
3.646458320301258
3.5866450109259325
3.6059067848000046
3.582603197768571
3.7207620295890194
3.9208319972433827
3.939657304391426
3.8097195154231107
3.6676580723099814
3.5086870109197994
3.5700885585714426
3.8488253366204583
3.5847051267672243
3.6345908529803603
3.923743527688206
3.8707780952140474
4.241029671724692
3.864722805701907
3.740946706569528
3.597934206194812
3.6446737809094305
3.4171125580668282
3.5338387783090734
3.804978697310453
3.68308649306823
3.4524022975281508
3.464658037451164
3.4631363324099014
3.34995409074354
3.2432448343624594
3.3452446705516556
3.4280267184805515
3.598127610526783
3.619679326630795
3.4679570757759195
3.3693641101265257
3.3002083887856304
3.3842526561242368
3.342303844885986
3.313867383325059
3.283847783832729
3.4070889855555238
3.6493161013901725
3.7180093196376482
3.580644875926094
3.449868475934
3.3106562091465452
3.266021776059999
3.3042963991340946
3.2081191466270127
3.186118560469114
3.2963824015803738
3.487978683971913
3.455165366006258
3.379121652574595
3.264767415231475
3.1801861645963574
3.1546378072784833
3.2286098549031252
3.3994480786759067
3.463908399430696
3.5160709061118838
3.550561742729313
3.501103493489713
3.623899598768881
3.8107229196191406
3.8522684293577085
3.702964483990092
3.517055729511516
3.444773922112736
3.5582198290822644
3.6074743970899332
3.583079158218626
3.33964137180397
3.385595352779116
3.5867976860694646
3.6425854485266487
3.3258177711502883
3.229577886223786
3.1581538516602774
3.1348374249769417
3.130304335466494
3.104788005876522
3.0785598109866847
3.070359188454133
3.0545149828578273
3.1754074824252694
3.2983151145178495
3.4123522407257956
3.6093094823347864
3.5026420927501882
3.379711329360579
3.195657266214087
3.1965518860751976
3.219329737430874
3.1839976013003075
3.1471410051375917
3.3205038092694545
3.2305741601518085
3.235115025286911
3.4332622627497975
3.257038301988456
3.3157556803027406
3.4434728782013
3.4926215933327733
3.2619318813364835
3.1686185828957996
3.103790703207363
3.0906672264143578
3.0929461167926706
3.133073566667838
3.222584716708429
3.1712120679588156
3.1262589256907196
3.2640682180538922
3.311881478478275
3.333034564212344
3.4123568543813367
3.567894967116863
3.293118585474787
3.375835392382535
3.3592139461243735
3.1970544792745748
3.192444967933434
3.1999803670251685
3.2022408571408483
3.161271157721127
3.11621864393311
3.110380253436779
3.117052182785422
3.16122659398856
3.1350074071132155
3.1953972360433784
3.234411680286987
3.190617208509757
3.3946279303775126
3.4400969223503908
3.347976639794381
3.3593992224933134
3.3520931631778037
3.194920300643476
3.1496544828746558
3.125310591797447
3.337941807599081
3.7183116368720905
3.2836734328516535
3.218797394596277
3.1133928428591195
3.2073475190815692
3.22202988375167
3.427595291219182
3.3422489068826606
3.356803051297443
3.348115457142832
3.267882834467446
3.216583650901224
3.220640023878566
3.2060271643203584
3.146396023044942
3.095948491418181
3.0645562612389035
3.275546230686862
3.105419081709124
3.1734751450158005
3.3573025160880277
3.5482651754689023
3.325590296417973
3.1905639260831653
3.2383780433951985
3.2796971966276387
3.1775508027942716
3.12021626666795
3.0819382677902327
3.3574866940230623
3.167494269518923
3.065695167902101
3.0542018316319037
3.0416824699969243
3.055630012797718
3.1274386870427198
3.242716644972901
3.1152450236303175
3.054584075501903
3.300496381494837
3.596589317827921
3.24868769668361
3.2560343384823303
3.153318938013663
3.0555691636264233
3.057031566588074
3.0397403700210646
3.1239682181272594
3.3040336763940372
3.306392162803618
3.3494112875045743
3.4186764651874624
3.1832833743895357
3.078145657132156
3.0425044916268873
3.2028119187433624
3.1521344700322658
3.139657930067602
3.066470608769433
3.0305036727747834
3.0460338128462454
3.0449707915200706
3.2618508779505766
3.1020191539218986
3.0364537197999173
3.034381780558787
3.0211620392430425
3.042985472126761
3.0347240755478984
3.0147724856269056
3.0141470318841446
2.997326932524652
3.2038232138241227
3.089549830739965
3.057197417463105
3.036097668728409
3.0598451680225915
3.057111487761528
3.0697511257727887
3.197600852223334
3.1949478435097385
3.057307214658821
3.0297498539097067
3.0160515990362935
3.045654059047046
3.0433346342006637
3.039291799479778
3.0153836087482455
2.99938997669961
2.996482838278589
3.10889042991967
3.2197420342754826
3.248084331192784
3.096001053377562
3.2764852661677706
3.0763905046544386
3.025041850243561
3.072989708610068
3.0519480295391883
3.0176735119376876
3.017347509716636
3.174967680397303
3.037622560084438
3.0142105629651885
3.026023068668418
2.997150449583226
3.12733306285792
3.0123616867718193
3.1310096095676747
3.024780887176843
2.9949293972834505
2.9904737818246816
3.0245976896926727
3.131798404855332
3.0849628406610217
3.005522415163542
3.2312963109484345
3.020900531092752
3.1248262934529207
3.0044067376775376
2.9936834143696265
2.9757927721151907
3.093611869561328
3.193124447599999
3.021096374020484
2.989962805118403
2.9952055201633243
2.9766766468577304
3.081551629028294
2.9897101375560737
2.981259487150141
3.1615447981529248
2.9972781217696944
2.980869659108697
3.03356219612865
2.988060103508987
2.9736782771478865
3.0147653706452004
2.9918991834189725
3.004500629684146
2.9856334744074196
2.970489563885479
2.966536658199831
2.965262977286444
2.987450970202908
3.0691284375837027
3.0642503157057557
2.9774628456973864
2.9638017138988144
3.008899157955549
2.982263553777094
2.965385237052034
2.9570647636984546
2.9625746625312437
2.9593093833389954
2.965129791785757
2.953933063619592
3.1267149813708266
3.058814681246758
2.977073550041649
3.1391467054048428
2.9700074397347116
2.99106575292799
2.975507002873453
3.006017802519
2.9676653295597353
2.967793577382236
2.972906306958971
3.1677775164761566
2.968813501110504
2.955152611621599
3.064813015853082
2.966537862362325
3.0917875268916517
3.124328987266098
2.9620137308988275
3.0636216794779862
2.958958024741964
2.970813874584123
2.9571988854834927
2.960756257288132
2.961469524868776
3.1498599989399514
2.9595868622888926
2.9665435922128567
2.9502721808250945
3.1823663443400427
2.9541265621466923
2.9677541638066005
3.0173748103000704
3.0794440703740817
3.1409018542313922
2.9558057158437108
3.144517145668711
2.954417923721724
2.9654999214102404
3.001670089529911
2.951528702384508
2.9476905786465344
3.160335942442949
2.979779900067356
2.948423144268566
2.946048584993889
2.9489389431749395
2.9459025665012923
3.009717615320053
2.9472834278365254
2.949518860255305
2.9468989451897056
3.131986025369741
2.947118727912851
3.1302974296272468
2.9658722230688648
2.9490142762405993
2.951236797417765
3.003913279375075
2.9459080786824052
2.9451489528650074
2.950516141502551
2.9478007354560454
3.1397362306125527
2.946537415302134
2.945409792517827
2.947582685454557
2.950220116350912
2.94392710962077
2.9483556476436013
2.9411956918704028
2.94785957195455
2.9579194150471455
3.075676597548169
2.9429250079073697
2.9413818625253745
2.9455285624341525
2.9426483095966653
3.088097226160386
3.08282225551612
2.9431800147128415
2.9970891865937985
2.947131437861666
3.149340602453667
3.001200679914815
2.944243504371265
2.9425642719265794
2.9420027739735333
3.0662676370757525
2.9421922278178787
2.943214292054825
2.9402878915422455
3.0006246016232594
2.9395100627218773
2.9538340525854863
2.943570808072486
2.9390805406424168