36776.73187560741
42743.96350144923
21380.461219509227
10328.396051713638
4264.995425897142
2578.4101516392684
2063.207732379984
1470.8854267729348
1212.68764373569
1143.038827826927
907.6315572902648
926.12825113601
791.951145238808
767.2464295842259
715.875766798408
784.9372125201239
630.2713936541081
686.9542289502104
659.1443477796952
606.5350269870096
563.2477644907115
500.4148767775536
427.2324182724602
413.1597446816238
372.8324874041693
352.39666898888254
296.73538864816913
274.57811690215567
213.8900340550304
180.449652934027
177.77428871735535
146.84991630073864
126.98753741900967
104.1302003092805
91.60162137502058
76.73913842934613
61.767291765836234
53.72697821962303
44.42634696543452
39.468948196098125
31.650413330222825
27.314668995267148
24.570606055218317
20.53698829207295
19.41265615654628
15.959793815917244
14.038493992434622
13.887769984804397
11.482498310900477
10.801130048715928
10.269231118492756
9.301663674358787
8.747207602801785
8.22833272879704
7.905867634303735
7.317154298406275
7.153986288506353
7.152762748659899
6.560644549979824
6.374518310564462
6.6212116500543745
6.198665254086911
6.197488423288919
6.141815070114495
6.004584752414989
6.124027566234911
5.887394482015586
5.950411488104617
5.973050180590185
5.903308407667716
5.800521236004704
5.786424489118188
5.565327845773012
5.719670191473106
5.660367080916657
5.767477981161965
5.519598012557222
5.733203161295917
5.766445848417378
5.5128351926589385
5.524925457473205
5.3520463226742745
5.402775536842016
5.473234027762157
5.580832381625201
5.339874951976992
5.624852318079041
5.191661423490561
5.293850812728865
5.483440802262648
5.416359199300021
5.35178211992787
5.255411903263899
5.2817910125017065
5.4535654594970815
5.38598393052585
5.419915041351963
5.395813869435246
5.586482739279136
5.41433704360946
5.456454912719696
5.217382217843489
5.378463593054575
5.383282242063217
5.108155510442567
5.48766925812928
5.4306173676259615
5.304274936565513
5.225004004489826
5.363386110978736
5.578238136443376
5.325652779386282
5.314999538686656
5.094116771314638
5.106193718143639
5.133084629280491
5.2810958620508694
5.180743613933475
5.285869094371154
5.135414462692867
5.156610225850062
5.445836313627658
5.22252037755002
5.145721027258141
5.3791242294732795
5.498721295106327
5.406278792203969
5.8648190673855645
5.427124547998499
5.38261929767422
5.518391979357413
5.408050270655302
5.5320858380830344
5.360654847367379
4.940415554436299
5.101591038216861
5.198053361679428
5.167913718767443
5.031845405177953
4.986230130282277
5.097505340590934
5.081009468350711
5.276620117998149
5.106690077191953
5.2729868311401775
5.114537756214279
5.146175767161757
5.149714190631393
5.069614115389216
5.166048107707788
5.050446312497871
5.242123607189755
5.169411911892418
5.3207177082559935
5.36090720742825
4.972472548167021
5.068832793897564
5.127677648805059
5.154980358962442
4.9913888758177
5.014965175983738
5.2196129457494616
5.1263098234578415
5.0554778203605055
5.08302807185509
4.823578584807928
4.8108771817886105
4.815108690647882
5.079078674758948
5.549073178935669
5.828393582165014
5.781304746498391
5.87491979344914
5.21744640002706
5.378150499348911
5.501202106127598
5.309141262522012
5.613860583553084
5.507341272769733
5.125970085214219
4.969027916764899
4.984639751623635
4.915026219354443
5.14785777393496
5.110153966637908
4.992294765541406
5.010993639122332
5.163643540929185
5.02141572905562
4.868982101911006
4.918566008405715
5.037435131039279
4.860649943767947
5.091703944773467
4.911950466883159
4.857630009723184
5.06411853568705
4.984746262575856
5.005189303410326
5.333648350697432
5.4493669635179955
5.864593496996283
6.008145037118648
6.20999492939462
6.324647321656329
6.095917912863486
6.056055869670607
5.680565661650936
5.470705262705029
5.48765898379431
5.231152465547976
4.803642017829881
4.772750524421438
5.040381496291745
4.831758413587807
4.717989886293749
4.863037118732509
4.824638503370781
4.774389456181371
4.601189445534928
4.659122976028023
4.711643552782011
4.60050322819734
4.467386250944757
4.544558802622514
4.77442191602555
4.685673955593555
4.7687721042240065
4.497336317498618
4.707049344347662
4.746899777467406
4.71643694293603
4.7897431142624525
5.071624888820871
5.28986348408243
5.72539173001024
6.052111275151928
6.351953272458439
5.984784799762987
5.624966460964645
5.515447211328428
5.207194057386619
5.222245047180185
4.961641811744796
4.763656306255489
4.876850481403482
4.731207943249873
4.729207136526724
4.727157022668719
4.77960167238517
4.663966073719873
4.608079487455464
4.618357081508466
4.387710864293057
4.645962384955224
4.553387280507806
4.721864666936336
4.640864184960652
4.604208517574108
4.622497357331405
4.624931861299452
4.5554938818435415
4.5020536682896966
4.629210452212426
4.699450412692216
4.56812192544082
4.528685901428472
4.671005132407198
4.852096942429961
4.676766919800633
4.659639060217482
5.345918764556418
6.101329359398362
6.1245163688222455
5.780607441290254
5.4324362928570675
5.225119502834234
4.943787650341439
5.028380919909437
5.035874124830484
4.73837066787388
4.5406191712782835
4.704736892346452
4.693487621887258
4.5182863872516945
4.7487011236681855
4.636261834235146
4.353588676433627
4.68386056237996
4.617848202821366
4.624319812846091
4.448629065384514
4.48558027426451
4.525546009522591
4.609173991460892
4.611714523134215
4.568698407320635
4.453803533507959
4.62584476841468
4.525254589818204
4.470856691094563
4.370083259672999
4.489716261802628
4.532084141551001
4.717211581405602
4.709347345489533
4.664284505949395
4.5928874818177645
4.703356175945368
4.554408327367551
4.613390201513623
4.7553916605806545
4.565344812395168
4.653523746085245
4.425657587318398
4.418465723954403
4.491166081656695
4.525275981030475
4.512961806015157
4.467466135450729
4.514897857839978
4.735769995793846
4.697750559090725
4.627304470874266
4.718816098728401
4.627305504507464
4.527769048491864
4.45430926005308
4.859058664377741
4.6925412158522555
4.615700786546553
4.573435765588344
4.521576664279929
4.605723809101349
4.740926661744546
4.848406128951842
4.699811215318157
4.947298968083306
5.007058501642672
4.693015064826935
4.647784617149075
4.7008442144885425
4.532637806654324
4.537189901978732
4.662479132276874
4.583972590144804
4.3975973808342905
4.568533027129454
4.567265582753707
4.5194859826186295
4.671627211771418
4.536203141371709
4.481984546255793
4.460737847897306
4.437805757713507
4.403463720512567
4.2737367191921285
4.487253794157783
4.520265860259323
4.598048532498771
4.377008577580681
4.4341160232680625
4.51822909390048
4.33189893197291
4.539657634571503
4.246064376541708
4.4878490070929855
4.578782036139983
4.400742628193304
4.619440924866433
4.4102449250140525
4.408652200150923
4.342693349923857
4.344627541140949
4.509958534593862
4.264387958425635
4.4250906232762315
4.491122463358775
4.3502923616459155
4.390799970453872
4.302537231295596
4.391823069619793
4.378414927915642
4.416071465961505
4.545260799858544
4.348043804062657
4.313345233247886
4.559477922651754
4.552002555709791
4.390526965222456
4.579691846779685
4.576417475883319
4.532206998001075
4.430826538579436
4.386776077619212
4.3089326294631745
4.4720834611643925
4.574107383026357
4.474154840635233
4.255736957668645
4.450482494471541
4.307581350845278
4.3788422945362715
4.1422257154547575
4.390090886407027
4.543285341583986
4.614391208771043
4.43936086321035
4.543445438387125
4.585858963421075
4.477579483721958
4.467198037316151
4.457481636135332
4.453144898339492
4.455585970202215
4.423566001547114
4.5403688540353455
4.361329980197524
4.4616123052017755
4.497796496522478
4.3946749989355025
4.5381084677774
4.524043739254796
4.519193304178757
4.46492174585737
4.376811695084188
4.508153798033206
4.261484997333136
4.329324145933529
4.364304408106278
4.364885836314552
4.502586554506346
4.372560618743307
4.477523071673341
4.494753412816912
4.388324196270875
4.51497763667267
4.187459556498566
4.229533935421922
4.191807071777937
4.482815064909946
4.286927152462919
4.297021093393599
4.4400217624160065
4.441158655821598
4.3499974978732014
4.530633869829962
4.1857737403289885
4.65665081303877
4.384962495234199
4.353695912712421
4.316003897649842
4.4068141417406395
4.329547063354911
4.434360663902057
4.386902095686613
4.467461689055942
4.400921378243444
4.437404228334363
4.403904537735597
4.405740019519443
4.32618458678832
4.334741097709158
4.287063234979201
4.297127281340912
4.481513797934025
4.350179076435151
4.496971647533564
4.412930650452743
4.2950662558606805
4.45361538752192
4.354865995740158
4.296807382325183
4.512232113347307
4.317092548452878
4.412237010883251
4.258992863248003
4.371918472548571
4.366506343120713
4.234332243539333
4.416466684186177
4.352149843454147
4.47957182562642
4.446234450255347
4.346536718579019
4.278741939871131
4.422719044434467
4.3974162650639
4.209725773363468
4.349422979284845
4.407872133511871
4.262832456584999
4.404029375292155
4.465333231729135
4.389255455072333
4.474528885806079
4.2766516098464935
4.326697433698444
4.142557610203973
4.326904228701827
