10.512620638191008
10.66298325975013
9.97023275682106
9.242652279168622
8.358196387450912
7.854928267679045
7.632017202320864
7.2936198295822425
7.100594368558054
7.041445633320138
6.810838522343383
6.831012725202799
6.674499704607274
6.642808039965689
6.573506641847945
6.665603730532716
6.446150510202921
6.532267665476215
6.490942551153476
6.407762479374373
6.333719610357671
6.215437507922125
6.057328170236071
6.023834309173346
5.921129223339078
5.8647574416589014
5.6928407943606825
5.615235799343224
5.365462023394851
5.1954518077509935
5.180514704734185
4.98941108768014
4.844088951084494
4.645642042186171
4.517448972124092
4.34041185761669
4.123373964903935
3.983915263062845
3.7938326935683446
3.675514241133675
3.4547512079116363
3.307423883717041
3.2015508527009273
3.022227567268343
2.965925232565892
2.7700726731360366
2.6418031273482008
2.631008595626779
2.4408239901157303
2.379650762796768
2.3291521543892975
2.2301932738763517
2.168734518327987
2.107583409572636
2.0676052222986856
1.9902214953392856
1.9676697242158045
1.9674986804872456
1.8810888526994287
1.852308529062612
1.8902783819103262
1.8243339872757507
1.8241441169607877
1.8151203124989963
1.7925233028353738
1.812219979130001
1.7728135368066564
1.7834603748308988
1.787257714952144
1.775512940814113
1.757947781791135
1.7555145687294802
1.7165558950808508
1.743911144895999
1.733488745397707
1.7522348933145682
1.708305033825124
1.7462743904684175
1.7520559199205017
1.707079044848883
1.7092697554527472
1.677478977996669
1.6869128098275625
1.6998696716645652
1.7193379376023987
1.6752022354651428
1.7271946931821007
1.6470537660833358
1.66654592296372
1.701732787548045
1.689423855290395
1.6774296119688268
1.6592583843710862
1.6642652471137136
1.696269607523036
1.6838000108212448
1.6900801403013872
1.685623443576229
1.7203498832804673
1.6890504433381612
1.6967992954964022
1.6519957852713818
1.6824027558895245
1.6832982703171078
1.6308383821944505
1.702503622231633
1.6920528231783671
1.6685130872425347
1.653455564260117
1.6795955127437134
1.7188729803778053
1.6725352917604084
1.670532924999299
1.6280862995993277
1.630454257414859
1.635706770736328
1.6641336258135717
1.6449486007817977
1.665037051284295
1.6361605534033932
1.6402794306436617
1.6948513375434717
1.6529801163174713
1.6381655008195393
1.682525578297379
1.7045155734091677
1.6875610174094604
1.7689716320789532
1.6914094445136156
1.6831751140004003
1.708086509763136
1.6878886343067974
1.710564930327653
1.6790861406364976
1.5974494479931491
1.629552459356111
1.6482842019764223
1.6424690710559955
1.6157867965847743
1.6066801393275145
1.62875127115419
1.6255099560915967
1.6632857635810014
1.630551459940346
1.6625969631320106
1.632087025078366
1.6382538693512094
1.6389412161708532
1.6232647033434013
1.6421080070011345
1.61947661809455
1.6567266847814968
1.6427589319327818
1.6716082018212617
1.67913321587789
1.6039172110001367
1.623110572932661
1.6346528566450802
1.6399633073670852
1.6077142028635045
1.612426477418451
1.6524232508215666
1.6343860676795132
1.620472372310043
1.6259071611438083
1.573516097567474
1.5708794337671803
1.5717586183385925
1.6251298819056625
1.7136309190267953
1.7627414190254302
1.7546293918983478
1.7706924077581612
1.6520080868023264
1.6823445417148664
1.7049666331071023
1.6694301013699804
1.7252386439215115
1.7060819790829067
1.6343197920321895
1.603224230790133
1.606361134327757
1.5922970881432823
1.638580661911474
1.6312295342192162
1.6078956769083028
1.6116342265938908
1.6416424428964493
1.6137119116842733
1.582884901266719
1.593017026314843
1.6168970499768431
1.5811721622564896
1.627612537758519
1.591671106690405
1.5805506666510076
1.6221800920890628
1.6063825019329583
1.6104752349111235
1.674035497583127
1.6954994484458779
1.7689331697283333
1.7931160548360063
1.8261600794224486
1.8444542736370453
1.8076193525560642
1.8010587415996284
1.7370508160932994
1.6994075409756029
1.7025017499714612
1.6546316105031935
1.5693743839203278
1.5629227685708798
1.6174817729273325
1.575210462194659
1.5513828373404872
1.581663164280141
1.5737358104030021
1.5632661031777595
1.5263148451865542
1.5388272278561348
1.5500367967948085
1.5261656949457907
1.4968035062711715
1.513930649787181
1.5632729018970792
1.5445097592597832
1.5620888512637945
1.5034852920721247
1.549061245548179
1.5574917265313468
1.5510536295571522
1.5664767803944037
1.623661257148547
1.6657924391255778
1.744910971555394
1.8004071822659904
1.848762367566775
1.7892203817658194
1.7272149855775338
1.7075527394139383
1.6500411420452885
1.6529273951009187
1.6017366963973878
1.5610155049475418
1.5844996183542168
1.554180549022739
1.5537575640403447
1.5533239695095906
1.5643572108940555
1.5398661749479514
1.5278111731266406
1.5300390317862924
1.4788076478748617
1.5359985380940102
1.5158714132464735
1.552203778137478
1.5349005956551507
1.5269707803584014
1.53093511258215
1.531461638163851
1.5163339511445415
1.5045336634018682
1.5323863248766527
1.5474455684090205
1.5191021632060908
1.5104318094263995
1.541374280300613
1.579410970772967
1.5426070420947469
1.5389379902488174
1.676333422045048
1.8085066752066818
1.812299793120984
1.7545087708111684
1.6923877060400292
1.6534776689451636
1.5981317682502512
1.6150980475857917
1.6165871208003153
1.5556933356596434
1.5130633840929963
1.5485698506121728
1.5461759355031093
1.5081328040961242
1.5578711330041215
1.5339084023630585
1.4710004880772796
1.5441226763726326
1.5299288396301094
1.5313292926561672
1.4925959735187462
1.50086786824866
1.5097382349603088
1.5280486633970507
1.5285997017776984
1.5192283519368714
1.4937584577383531
1.5316590069156288
1.509673838512439
1.4975800437510105
1.4747820614827514
1.5017895063949347
1.5111819090902792
1.551217858374733
1.5495493305902996
1.5399344476057077
1.5245089072899922
1.5482763338705814
1.5160956270755892
1.5289629883631308
1.5592790607610467
1.5184940451254214
1.5376247274747572
1.487418874722514
1.4857925145517863
1.5021123744186355
1.5096785655750358
1.5069536577058293
1.4968213878214243
1.50738256376476
1.5551443313250701
1.5470837896995653
1.5319745108449283
1.551557941594633
1.5319747342218617
1.5102293344083466
1.4938720006530835
1.5808447286947285
1.5459742727861987
1.529463706166042
1.520264731102203
1.5088607525517088
1.5272998363138997
1.5562326148580339
1.5786500177318603
1.5475223409557155
1.5988417646388844
1.6108486172505256
1.5460752468704002
1.5363906796525848
1.5477421126901987
1.5113040673003544
1.5123078560938936
1.5395473093088456
1.5225659999322587
1.481058341974335
1.5191921527462553
1.5189146850747357
1.5083982667178601
1.5415074503413941
1.5120903496756886
1.500065927415583
1.4953141890970978
1.4901600555745271
1.4823914404449638
1.4524885544361867
1.5012408874976324
1.5085708107558344
1.5256319814176837
1.476365517900848
1.4893282775788996
1.5081201236882091
1.4660059982970786
1.5128515983223785
1.4459925248575325
1.5013735239585746
1.5214330317863793
1.4817733058174616
1.5302736858374402
1.4839302264684857
1.4835690191978166
1.4684947431675568
1.46894003378668
1.5062879593689644
1.4502986673460905
1.4872907580866204
1.5021026623507807
1.4702430524159043
1.4795114361019255
1.459204902475901
1.4797444187008324
1.4766867702871371
1.48525049225904
1.5140851076902253
1.469726043739645
1.4617137592682006
1.5172081263251953
1.5155672582715416
1.4794492575192342
1.5216317135000197
1.520916481534004
1.5112090168802186
1.4885861442110513
1.4785945786245296
1.460690223668861
1.497854398729717
1.520411572156311
1.4983174714621836
1.448267945070273
1.4930125160244467
1.4603765751023847
1.476784373134721
1.4212332558041207
1.4793499299267672
1.5136503938702317
1.5291799434939124
1.4905104163549783
1.513685631362578
1.5229774302386632
1.499082606603534
1.4967613747913935
1.4945839509789396
1.4936105652980392
1.494158583182929
1.4869461584917105
1.513008254135264
1.472777052175003
1.4955102041138288
1.5035876094105733
1.480393580492848
1.5125102881824883
1.5094062264774275
1.5083335053891995
1.4962516880511088
1.4763205358266465
1.5058877122843901
1.4496176904608506
1.465411443442165
1.4734588199162582
1.473592034611517
1.5046520215381372
1.4753487914493537
1.499070007741987
1.5029108083135752
1.4789474221521028
1.5074002337387795
1.4320942389549485
1.442091806236523
1.433131923005916
1.5002512117928253
1.4555701948106092
1.457922013645971
1.490659277877168
1.4909153009187597
1.4701752698988644
1.510861856820839
1.431691571040991
1.5382964800936274
1.4781810728193139
1.4710251194713042
1.462329950465416
1.4831520115511116
1.4654629322369614
1.4893834484143624
1.478623305018391
1.496820392537551
1.4818139231484648
1.490069572221446
1.4824915423620115
1.4829082406291154
1.4646859957810636
1.4666618847371298
1.4556019379104133
1.457946725331804
1.4999608906756574
1.4702170112498416
1.5034042030174308
1.4845390153333717
1.4574669815944596
1.4937162129561699
1.4712938396221347
1.4578722777060316
1.5067919564335996
1.4625821544841255
1.4843818195502347
1.4490327152524227
1.4752019225074335
1.4739632255491053
1.4432256400023236
1.485339983686808
1.470669939901661
1.4995274672223873
1.4920575470026323
1.4693793713510677
1.4536590271026413
1.4867546753751633
1.4810171559619631
1.4373975086044883
1.4700431878617448
1.4833920636058926
1.4499338352478954
1.482519888977188
1.4963438435098473
1.479159612492024
1.4984010692699727
1.4531703692626283
1.4648045336068447
1.4213133773320705
1.4648523275801497