8.355535596609116
8.297290623188019
8.132430583238602
7.912936702370644
7.721721425652504
7.5624827444553375
7.403275206685066
7.255751073360443
7.096663489937782
6.929699532687664
6.811821818351746
6.708837121725082
6.619195893406868
6.530150771141052
6.469402298331261
6.418531678617001
6.351291969418526
6.273083448410034
6.220774255692959
6.116856850683689
6.049498192965984
5.947559237480164
5.856107875704765
5.738980710506439
5.643201477825642
5.521660320460796
5.389477774500847
5.243641301989555
5.114538438618183
4.980866298079491
4.834652312099934
4.688732355833054
4.503709204494953
4.371962822973728
4.204359255731106
4.0281269662082195
3.8291926607489586
3.6850427761673927
3.513308770954609
3.3304774425923824
3.167487971484661
2.9884751550853252
2.829491823911667
2.6659761779010296
2.532476857304573
2.372483342885971
2.243636280298233
2.1384873762726784
2.015501018613577
1.9092480260878801
1.8038989827036858
1.7249107416719198
1.6817320846021175
1.635831791907549
1.5884515345096588
1.5620298981666565
1.4746073614805937
1.4534398186951876
1.3684109337627888
1.4021863853558898
1.3282237946987152
1.320943335071206
1.3187209479510784
1.3066946053877473
1.2431232435628772
1.2513028606772423
1.232662626542151
1.2015419537201524
1.2022848604246974
1.1908897506073117
1.1815947080031037
1.1865042001008987
1.1476455125957727
1.1382798962295055
1.1337796663865447
1.1437234422191978
1.1495782425627112
1.1356388619169593
1.1062824036926031
1.0870655560865998
1.0818654680624604
1.0754661345854402
1.107901994138956
1.092987535521388
1.0851066848263144
1.1002583634108305
1.071133928373456
1.0803712978959084
1.060107727535069
1.0576848983764648
1.0560463601723313
1.0606529982760549
1.0646288553252816
1.0835685366764665
1.0531545486301184
1.055470498278737
1.0592544320970774
1.0556307574734092
1.0576773351058364
1.047892676666379
1.041857412084937
1.0270970482379198
1.031594643369317
1.0371461790055037
1.0552935935556889
1.0435931282117963
1.0448708506301045
1.0467904331162572
1.033618033863604
1.0463847480714321
1.0544660864397883
1.0461585745215416
1.0273919263854623
1.0302022472023964
1.0299649136140943
1.025927479378879
1.0222206190228462
1.0222545368596911
1.0476317713037133
1.03503608237952
1.0288885859772563
1.0358415460214019
1.024415323510766
1.0074344584718347
1.0083805546164513
0.9984190808609128
1.0088279582560062
1.015696033835411
1.002297468483448
0.9915045825764537
0.9961047125980258
1.0014495747163892
1.023389802314341
1.0358050111681223
1.0227131620049477
1.0330783855170012
1.0365650821477175
1.0175810744985938
1.0215458599850535
1.0491092707961798
1.0469208844006062
1.007026532664895
1.0034658089280128
1.0238140523433685
1.0194286610931158
1.0159380119293928
1.0217364272102714
1.0031466586515307
1.022601136006415
1.0343231614679098
1.0228672502562404
1.0131296226754785
1.0093336226418614
1.0206448463723063
1.012230816297233
1.0078970715403557
1.0127243027091026
1.0179246123880148
1.0206928374245763
1.0396425584331155
1.0266303298994899
1.0198077270761132
1.036945166066289
1.010189394466579
1.0109044779092073
1.0160930417478085
1.019957504235208
1.019442280754447
1.005164417438209
1.006767657585442
0.9979362953454256
1.0045605702325702
1.0111739682033658
1.0087698325514793
1.0284073743969202
1.0134430760517716
1.0151848206296563
1.0078432355076075
1.0020242184400558
1.0310455514118075
1.0182829964905977
1.0250435816124082
1.019714000634849
1.00489944498986
1.0179149573668838
1.024279985576868
1.0378906121477485
1.0366645595058799
1.0242683934047818
1.023794469423592
1.0101834367960691
0.9930544691160321
0.9953435864299536
0.9968143850564957
1.0025411508977413
1.0075774835422635
1.0116936108097434
0.9959701998159289
0.9963997900485992
0.9960682904347777
1.0069042472168803
0.9858557796105742
1.001415709964931
1.0260892417281866
1.0364598166197538
1.0612124158069491
1.0793064758181572
1.0778457149863243
1.075540591031313
1.0717010451480746
1.0493816006928682
1.0233490141108632
1.0265658590942621
1.0044861678034067
0.9795812033116817
0.976693962700665
0.9632705496624112
0.9771091351285577
0.979433286935091
0.9893917832523584
0.9732170253992081
0.9705337276682258
0.9607215998694301
0.9608529433608055
0.953330272808671
0.9589723898097873
0.9419042645022273
0.9354485366493464
0.9328797124326229
0.942106788046658
0.9363735551014543
0.9267836986109614
0.9357328396290541
0.9268069136887789
0.9480091044679284
0.945664188824594
0.945957725867629
0.9362595900893211
0.9416376668959856
0.9621147317811847
0.9704142110422254
0.9594587348401546
0.9541725581511855
0.9558271393179893
0.9602290093898773
0.9532980881631374
0.9470574930310249
0.95428451243788
0.9483870454132557
0.9195272549986839
0.9255804037675261
0.925592671148479
0.9220343194901943
0.9180182730779052
0.9138985900208354
0.9076811298727989
0.9093084372580051
0.9038615375757217
0.8937259102240205
0.8955373167991638
0.904182375408709
0.8970869341865182
0.9023399520665407
0.8995172893628478
0.8981350790709257
0.9056868432089686
0.9138458827510476
0.9072154350578785
0.9112598383799195
0.9143833788111806
0.8989321673288941
0.8968615159392357
0.9077546130865812
0.9014036934822798
0.9134965520352125
0.9202304063364863
0.9063861006870866
0.8992508817464113
0.9047678681090474
0.9159582052379847
0.916655981913209
0.9077044632285833
0.9141320679336786
0.9073978699743748
0.9128150269389153
0.9130441984161735
0.9103915803134441
0.9015184016898274
0.9030079487711191
0.9020747998729348
0.9012282527983189
0.8882618118077517
0.8965824395418167
0.898892411030829
0.8953932505100965
0.8967661634087563
0.9010090092197061
0.8787532215937972
0.8770235739648342
0.8669060841202736
0.8659169040620327
0.8724435679614544
0.8623857451602817
0.8688831981271505
0.8696260713040829
0.8584367046132684
0.8625769605860114
0.8573745992034674
0.8526188218966126
0.8518126672133803
0.8612841879948974
0.86048424243927
0.8528911732137203
0.8560387957841158
0.8539002910256386
0.856339056044817
0.8515519397333264
0.8575129620730877
0.8488116208463907
0.8462859811261296
0.851586009375751
0.8511096797883511
0.8566197566688061
0.854832504875958
0.8673762306571007
0.8779508201405406
0.8621035208925605
0.8703009067103267
0.8601289400830865
0.8662399565801024
0.8584494134411216
0.8706107474863529
0.8559640729799867
0.8462113458663225
0.8389214370399714
0.8389837788417935
0.8364521618932486
0.8514382392168045
0.8506479430943727
0.8522428162395954
0.8362774522975087
0.837222951464355
0.8359845252707601
0.8278926135972142
0.8346821581944823
0.830130928196013
0.8245647558942437
0.8317803787067533
0.8319087196141481
0.8339969925582409
0.8288750313222408
0.8215881772339344
0.8249425496906042
0.8190383166074753
0.8172729406505823
0.8368903864175081
0.8307053931057453
0.8225907320156693
0.8252153154462576
0.8260048013180494
0.8205600809305906
0.823264779523015
0.817852002568543
0.8257598718628287
0.8195943171158433
0.8149484936147928
0.8155596209689975
0.8180891862139106
0.8207455351948738
0.8174328021705151
0.8185541685670614
0.8164190705865622
0.814574858173728
0.8123060185462236
0.8183792578056455
0.8065675068646669
0.8154483269900084
0.8102566376328468
0.815485249273479
0.8128473572432995
0.8135524401441216
0.8088440764695406
0.8097562985494733
0.8087220685556531
0.8108736053109169
0.81099509075284
0.8075801031664014
0.8066256484016776
0.8014213787391782
0.803609517402947
0.800293093547225
0.8067837217822671
0.8037057900801301
0.8040334526449442
0.7977832434698939
0.8011314170435071
0.8007942223921418
0.8029577424749732
0.8019339768216014
0.8009815486148
0.7996308282017708
0.7961077112704515
0.7997752446681261
0.7944047749042511
0.7930277539417148
0.7924224361777306
0.797253998927772
0.7933082366362214
0.7937356131151319
0.7928686132654548
0.7900337101891637
0.7896872255951166
0.7920237118378282
0.7897306866943836
0.7909816643223166
0.7939757350832224
0.7915395498275757
0.7971020331606269
0.787687418051064
0.7890656543895602
0.7923507113009691
0.7861937480047345
0.7894463054835796
0.7941207326948643
0.7845082702115178
0.7849107142537832
0.7850835137069225
0.7960911178961396
0.7886238601058722
0.7871231408789754
0.7846891637891531
0.789835280738771
0.7843993222340941
0.7826074082404375
0.7886896152049303
0.7835777010768652
0.7863697707653046
0.788848933763802
0.7922563422471285
0.7820688718929887
0.7800122918561101
0.7806332409381866
0.780751233920455
0.7797609660774469
0.7788862343877554
0.7801293851807714
0.7765194745734334
0.7830658964812756
0.7777910511940718
0.7790204174816608
0.7823756020516157
0.7765052942559123
0.7836394309997559
0.7820153841748834
0.7844283943995833
0.7807716531679034
0.7771235574036837
0.776333237066865
0.782853932119906
0.7773883221670985
0.7769054239615798
0.778093715198338
0.7769621508195996
0.7735706968232989
0.7756123123690486
0.7801262801513076
0.7782964464277029
0.7770658796653152
0.7800944652408361
0.7749170735478401
0.7764326585456729
0.7732594897970557
0.7742631556466222
0.7774148611351848
0.7774180369451642
0.773738014511764
0.7711071148514748
0.7763556148856878
0.7721090540289879
0.7763737831264734
0.7771899169310927
0.7733280323445797
0.7712310682982206
0.7713348101824522
0.7764257127419114
0.7720698192715645
0.774034546688199
0.7757958834990859
0.7722757793962955
0.7756637176498771
0.7730054538697004
0.7710560820996761
0.7725749779492617
0.7739667966961861
0.7781709441915154
0.7714692251756787
0.7715018717572093
0.7723189145326614
0.7786168232560158
0.7708682464435697
