4253.662249420094
4012.984963000555
3403.060943980093
2732.402949662775
2256.841223005662
1924.6179210599194
1641.3514013102624
1416.226293615475
1207.930072647187
1022.186799755764
908.5244667027987
819.6169702890202
749.342303702365
685.5015575528367
645.0980355399971
613.1022217854542
573.2328300899941
530.109425482461
503.09260357662015
453.43723138605435
423.90026053215394
382.8178304358912
349.36173511034207
310.74750783092196
282.3652590882237
250.04985562014238
219.08894184183083
189.3583595404913
166.4239483856184
145.6004604340694
125.79483825936548
108.71528013130573
90.35164325165749
79.19893272013643
66.97766835727525
56.15563128644666
46.0253651467608
39.84682690794393
33.559123738213984
27.951683842325455
23.74775433002108
19.855383016613683
16.936851734196395
14.381982068831677
12.584637918615941
10.723990589825586
9.42755025010285
8.48659089644541
7.5044863268085376
6.74801256076695
6.073280978631826
5.612020087806681
5.374857621298374
5.133726413650301
4.89616151827518
4.7684909786256116
4.36931987280189
4.277804106458826
3.9291021285569427
4.0640758962326196
3.774333439146477
3.7469543440560837
3.738636407243493
3.693943569448951
3.4664230589830876
3.4948933516723786
3.430351131171086
3.325240338396692
3.3277115995829027
3.2900071913886624
3.2595681197658
3.275610290926111
3.1507657312938897
3.121394622154528
3.10737918891317
3.1384324082460537
3.1568611991908573
3.1131617882382288
3.023098817122491
2.9655590252765247
2.9501778836095927
2.931358989925755
3.0279989661312228
2.9831731084792135
2.9597555629047982
3.0049422908022394
2.918687206508137
2.945773107391977
2.886681947649016
2.8796964761737427
2.874981847085985
2.8882564000660094
2.8997625528866897
2.9552065198097055
2.866679950941909
2.8733267312002955
2.8842198057287813
2.8737872451280775
2.8796746963323288
2.8516354638731407
2.8344769196185164
2.7929462667576215
2.805536099050825
2.8211544454741766
2.8728184710888183
2.8394010391196773
2.843031324236375
2.8484939987236952
2.811218541085911
2.847338641679522
2.870442176697162
2.8466947218127587
2.7937699670185836
2.801632399719039
2.8009675571463677
2.789681633258025
2.7793598155932777
2.7794540870647695
2.8508915539375144
2.815207813188216
2.7979544202068936
2.817476274184866
2.7854663876635275
2.738566089648366
2.741158262496575
2.713987839809753
2.742384941069579
2.7612846762250274
2.7245341748232406
2.6952867045400426
2.707713935350528
2.722225038367814
2.782611297069234
2.8173733399829244
2.7807291069549263
2.809701880916658
2.8195155577129634
2.76649471915095
2.7774850500170682
2.8551068580495413
2.84886561266252
2.737449185688851
2.7277192185376764
2.783792070446647
2.7716107824375027
2.761952927475743
2.7780143980727274
2.7268488050986477
2.7804176104482496
2.813201507921132
2.7811576176537196
2.754207170196087
2.743772018134764
2.7749836252559086
2.7517327833884067
2.7398332791970694
2.7530910612443726
2.7674452781750336
2.7751168028357567
2.8282059153040726
2.7916430516575255
2.7726616049561863
2.820587413919362
2.7461210659024196
2.7480854738822025
2.762381145729003
2.773076917435893
2.7716485310947627
2.7323564829491267
2.73674062003236
2.712677882031249
2.7307070551733847
2.748826156043776
2.7422255426454134
2.796608336040258
2.755070621051319
2.759873431787824
2.7396857814133093
2.7237897974469534
2.8039960246022746
2.768437264312913
2.7872169293268407
2.7724017454291685
2.7316325796735246
2.767418558561383
2.7850894339063257
2.82325538825147
2.819796049623008
2.7850571488574594
2.783737556203633
2.746104705466664
2.699467332035981
2.705653807526732
2.7096362073669384
2.725198176788301
2.7389578012678353
2.750254934426892
2.7073497377111297
2.7085130385683254
2.7076153163475154
2.7371144559554668
2.680104482071936
2.722132852454412
2.790132935213689
2.819218775539919
2.8898725933512037
2.9426380525851896
2.938342700180781
2.931577256623303
2.920342912427737
2.8558844948873023
2.7824978016681015
2.791463077983663
2.7305038914931754
2.6633406101068906
2.6556619952748877
2.6202521396819876
2.6567647818205717
2.6629466875487333
2.6895981161514158
2.6464444587077836
2.639352779095527
2.6135817533844112
2.6139250528814797
2.5943351325029034
2.6090140459942153
2.564860944550322
2.5483562325975555
2.5418183543196546
2.565380441883229
2.5507145997336482
2.526370527421236
2.5490808408671044
2.526429177990412
2.5805669025522917
2.5745227801020003
2.575278608832536
2.5504239240770836
2.5641772499018898
2.6172253549485403
2.6390373514063463
2.610283235616659
2.5965212234855346
2.6008209347308235
2.6122946449298725
2.594251636089927
2.5781123736382496
2.5968119314396945
2.5815423887734035
2.5081044158013643
2.5233323870488866
2.5233633419184165
2.5144002840994912
2.5043225856567632
2.494026792594812
2.478568386214222
2.482605062419544
2.4691193227713506
2.4442196494971404
2.448651137442821
2.4699116367596106
2.4524485513303627
2.4653652034204865
2.458416121081438
2.455020420343931
2.473630335916756
2.493895342716009
2.4774143984922414
2.487454350638028
2.4952361619473495
2.45697806839955
2.4518957869802973
2.4787505260768494
2.463058064293385
2.4930243006204575
2.5098686129527885
2.475360645322637
2.4577612675352705
2.4713581754210043
2.49916882161171
2.500913291877428
2.4786262202069413
2.4946091607473266
2.477866406610935
2.4913258208379463
2.4918968270833126
2.4852955356729733
2.463340613474071
2.4670126094215847
2.4647115930856964
2.462625981605499
2.4309006141793588
2.451211616209618
2.4568803899888016
2.4482983947700037
2.4516620036586296
2.462086125854623
2.4078957217644574
2.4037345103906285
2.3795373644902518
2.3771847373592125
2.392750564372208
2.368805323540594
2.384246634991771
2.3860184859128744
2.359469261646362
2.369258318967482
2.3569645869290454
2.3457820002561953
2.343891699150764
2.3661973857230545
2.3643053135188805
2.3464209640809823
2.35381824748788
2.3487899743743026
2.354525111684817
2.3432806618350965
2.3572907258751266
2.3368681158034166
2.330973475870928
2.3433604979293317
2.3422445517904054
2.3551861211214056
2.3509805698129704
2.3806563587664473
2.4059643976902683
2.368136883522218
2.387629199089134
2.3634654194872495
2.377952816932874
2.3594992479255783
2.3883690985926416
2.353642370159123
2.3307995095520444
2.3138699759864494
2.314014231306456
2.308163442761877
2.3430142447596567
2.341163301180324
2.344900138756816
2.3077602196843863
2.3099432369072326
2.3070843133452357
2.2884909203614323
2.30408159843628
2.293619020006842
2.2808878062816174
2.2974053528967433
2.2977002229059256
2.302503461606236
2.2907402791292064
2.27410865864925
2.2817496743389762
2.2683173851282374
2.26431648473969
2.309175158251573
2.29493700218114
2.2763897204127916
2.282372142403236
2.2841747544385727
2.2717718573780945
2.2779246324732934
2.2656280438865424
2.2836153612690677
2.2695789214224202
2.2590593133739114
2.260440308253978
2.2661654775377555
2.2721932062257864
2.264678490749194
2.267219449514325
2.2623838778928906
2.258215406417559
2.253097685655218
2.2668229231134918
2.240205285241018
2.2601887488565877
2.2484849584942035
2.260272201726896
2.254317704812752
2.255907746169049
2.245311078143361
2.2473602349861195
2.2450371491337817
2.249872629068149
2.2501459724420463
2.2424748577143996
2.2403355380060326
2.2287065142665985
2.2335885725229523
2.2261933157782754
2.2406897034095037
2.233803616425815
2.234535670174819
2.22061291023257
2.228060368429867
2.227309205041969
2.2321332498149196
2.2298492378060217
2.227726477543862
2.2247194731842597
2.216895317142175
2.225040782509829
2.213123298152279
2.210077878262783
2.2087404836784676
2.2194379739114063
2.210697853803288
2.211642855989451
2.20972619295911
2.2034707044182267
2.2027073680155
2.2078599806377595
2.2028031021794185
2.205560483930832
2.2121739837899193
2.2067912774447977
2.219100720943172
2.198306778835903
2.201338653961964
2.2085820677207284
2.195025684893607
2.202176755430903
2.2124947669899417
2.191329133948551
2.1922111987821147
2.192590044409646
2.2168585316735654
2.200366329927597
2.1970666744175706
2.191725567170398
2.203033514314523
2.191090406076233
2.187167676163173
2.2005110199905884
2.1892908991988924
2.1954120933815306
2.2008616301636867
2.208373655754643
2.1859901239773802
2.1814990800061964
2.182854100513308
2.183111677174305
2.1809508819422994
2.1790439692322825
2.1817545339419033
2.1738927937343933
2.1881706967424353
2.176658823223194
2.1793363797116627
2.186660735918061
2.173861967462885
2.1894260481286087
2.185873203480781
2.191154106745074
2.1831562551269714
2.1752064017699766
2.173487971058694
2.1877069316907
2.175782396026446
2.1747319682570607
2.1773177192055706
2.174855337467796
2.167491909064328
2.171921614580327
2.1817477595403103
2.177759174250353
2.175080944402321
2.1816783485348274
2.170412135142403
2.1737040731893664
2.166817475302608
2.1689933277365507
2.175840139812244
2.1758470498780462
2.167854599141706
2.1621586871851006
2.1735366095229334
2.1643261243205614
2.173576099218139
2.175350752228276
2.166965999582443
2.1624267108176722
2.162651056675995
2.1736889751198727
2.164241209175912
2.1684975331047767
2.1723203532828053
2.164687002471547
2.1720332656905654
2.1662670957269126
2.1620483490929208
2.1653347705911212
2.168350622390885
2.177485877754126
2.162941768940735
2.1630123827481844
2.164780378554469
2.1784569896033945
2.1616422774612944