7.21974481981232
7.145168125478951
6.936174415706083
6.692071253922343
6.517702507939278
6.4065596006695715
6.315271956455825
6.225817359881515
6.132219896142646
6.03609581501922
5.9392535807541345
5.849549073357067
5.763876176917035
5.683775531560141
5.604977291529844
5.532494857702483
5.4612630916344
5.394569543835826
5.332946822285485
5.272219806633691
5.214577218760615
5.159903568037763
5.101521916543284
5.045969689945687
4.982763969881504
4.923768601277098
4.861733100859012
4.789874569597284
4.712707553505061
4.641225043052042
4.563850199256672
4.4830251137304105
4.4027651162167585
4.3139353475263045
4.246594014107596
4.189639352849289
4.094337561822707
3.9747540186364385
3.8469062334357607
3.7360762941218693
3.6281000743239993
3.5067679770363998
3.4076538603569984
3.3309531749548786
3.2277996566151836
3.092947512622635
2.9630329586847632
2.8363216473711823
2.7215739979148745
2.631944679912979
2.5382772693125766
2.4511045611088607
2.341369959013994
2.214554521044374
2.1139958104779644
2.0821864758099613
1.9599003972378553
1.8579767336852087
1.7672482521972015
1.703326304865084
1.6441713318416815
1.6530168033080883
1.5810810135925635
1.508870139931228
1.4709584598621512
1.4268192002348612
1.3960541304498701
1.3879191667468485
1.3701396207822825
1.3369905715236154
1.3008947767014256
1.2758281999349927
1.254775105686375
1.240349437010071
1.2267511115000593
1.2380698427411652
1.2361551782359248
1.2001925580130386
1.1844570008768776
1.187464588186684
1.191109662838437
1.1744569000656107
1.1761834837444032
1.1535383689286498
1.1456229895395116
1.1380554977005026
1.1424117349809215
1.1325411919624575
1.1354412183186449
1.1395975532906253
1.1310021791685514
1.1228684709583727
1.111392850394336
1.1081445382320196
1.1175346480178299
1.1111935085869102
1.1045822596315917
1.0955529503869141
1.0918022232670939
1.0865380521910721
1.0832713264904048
1.0811529125438333
1.0821411665826828
1.080761960512458
1.080709325916135
1.0780608131708302
1.0778613874320395
1.0753871840146614
1.0768648750818797
1.0785063591110422
1.0844377155892477
1.0891216149002438
1.1081919961691238
1.1506118743650375
1.379024147953927
1.4802041871016023
1.5629834482077964
1.435756357187643
1.275836885594051
1.2141441171333132
1.1842450923036894
1.1532059038170257
1.1263060502885602
1.1164669200046533
1.1108180677405914
1.0946725462797147
1.087707271682932
1.0781357572590318
1.0723660007599862
1.0666835937392996
1.062134245167608
1.059762479613573
1.0577664985897497
1.057697267853361
1.058088232524599
1.0573286526667955
1.057328074175713
1.0576236770999048
1.0560677765127988
1.0553213296732429
1.0540390167129323
1.05297254084872
1.0520229734177342
1.050430999798661
1.0497581742756164
1.048762452619106
1.0479917605160665
1.047236087245326
1.0476171793810616
1.0475690185605728
1.049525347598639
1.0507365428715902
1.0613889492243571
1.098802232809187
1.1550934030498061
1.2266485572697237
1.349360457844353
1.523671848141963
1.660185245511241
1.4998295797372099
1.3453353436431243
1.2828705427188525
1.235798816828039
1.1806544503189236
1.1532913537045515
1.1202170258317388
1.104993852759812
1.0953442638418618
1.0849901817958452
1.0782923037674785
1.0771329796163764
1.0654572333727779
1.058110944753275
1.0575261633660316
1.059117954275551
1.0562956412075948
1.054823623231885
1.0581702754674753
1.0598206990898742
1.0552325713517454
1.057260070977338
1.0535616114965496
1.0531181262552654
1.0513728513624023
1.0483989235395135
1.0483014315408543
1.0458462000896351
1.04593163479595
1.0432380140580102
1.0422472643484406
1.0426372428428574
1.0417680599244747
1.0415028755327094
1.0408786982339695
1.0407460518338068
1.0404789954716493
1.0406381178370365
1.0409386010190047
1.0411682325526341
1.0402963680438542
1.0400510455582286
1.041488216100535
1.04523263920574
1.1042262406369245
1.2316091726739142
1.5600860808373835
1.9795037938368103
1.8766440961337525
1.5504091996464455
1.3913220667738735
1.3201472633516973
1.245195066444001
1.1903492048111068
1.1524902512281505
1.1348167708344747
1.1037887763174519
1.082751176868883
1.0719585620671468
1.067737287358181
1.0638118800742429
1.0630139478627294
1.0606124123550564
1.063653333056692
1.0681505735592622
1.0665191104669558
1.0613773454288948
1.0608086559916279
1.0583170585846333
1.0526785791003854
1.0513220882014507
1.0485614921066906
1.0471487933422372
1.045415260748308
1.04542921696271
1.0442775800552475
1.0431275823841923
1.0424079225574938
1.0423980817219654
1.0430844042779353
1.0415915041785755
1.0407901693025778
1.0401112276240452
1.0405034437754712
1.040726919428329
1.0409478985410585
1.0405071445133376
1.0394268935392148
1.0403185460544067
1.0397964119075225
1.0398457808046488
1.0401728261570442
1.0393523939862994
1.0385565087638096
1.0378562800178688
1.037776937658623
1.0389257499245408
1.0416959721109142
1.0449354845878953
1.0521849809488775
1.0653635434315214
1.1082527688308652
1.1647072741895037
1.2229522489732312
1.2708310764601656
1.2950519240755185
1.2860883922764161
1.2734643871285973
1.2249525288880123
1.189367766132863
1.1379916414472198
1.110097395320427
1.0854112904001587
1.0773687989982617
1.0610143868819526
1.0555767150279682
1.049854896178921
1.0457319160664733
1.0442861002591683
1.0436462654472234
1.043317427575003
1.0431261789581385
1.0422480102341105
1.0422383785916578
1.0421795279916173
1.0412412797251056
1.0399755656468417
1.039362215293574
1.0398597954031796
1.03836060994805
1.0368536760562934
1.035855282841023
1.0366824221644462
1.0363434744081859
1.0351796508002582
1.0348911826440028
1.035457139530155
1.0335808456362046
1.0328816222609511
1.0324143760167532
1.0320629707058215
1.0316652714620966
1.03137703122464
1.031278635041075
1.0311794232854001
1.0309382920178256
1.0304348931573384
1.0303709628036948
1.0302350427459033
1.0305662803195135
1.031197628433206
1.0300581347557807
1.0321060903610721
1.0310826296893276
1.0314792466531462
1.0316607604354495
1.035564040870185
1.0610708131027757
1.092248701012653
1.1061155455644134
1.115298853950447
1.1368957718157668
1.151556424305449
1.1464295338447432
1.1265145646907169
1.1001763195342804
1.077854470016244
1.063766495409052
1.053668392657565
1.04495089431966
1.0411011885125372
1.0373791027871624
1.036361328515565
1.0365087656285954
1.0341652180670355
1.0335685309989255
1.0333854152979054
1.0332657367283633
1.0339098054262565
1.032168022211939
1.031574479259582
1.0310211574880805
1.0311697428223128
1.0313217432602593
1.0312243198111215
1.0305142862766687
1.0300244443714202
1.0297629376447552
1.0292996880048455
1.0291101578743227
1.0288360019887146
1.0286425228038643
1.0284909321248614
1.0281535258299839
1.0278187027485808
1.0275240880075378
1.027294351944248
1.0272758338762367
1.0272318162556953
1.0269248025447424
1.0268108351200527
1.0267738903388068
1.0265638296600812
1.026434696406168
1.0263955137672798
1.0264006447491103
1.0262456549501353
1.026111616225597
1.026266678988014
1.026013593285816
1.0257569149199242
1.0255250964224925
1.025455890096421
1.0253768459443122
1.025259207609158
1.0251871678805786
1.0252077746692245
1.0251395767233316
1.0250022275584945
1.0248796211552988
1.024831996693016
1.0247006041806344
1.0246186445003471
1.0245348191361607
1.0245508921597817
1.0245199352628218
1.024437549371706
1.0243524773425172
1.0242892911357264
1.0241459666595887
1.0242645069726888
1.0240547284504808
1.023942371906104
1.0239285358707166
1.0239438940398655
1.023859305602471
1.0236970888113741
1.0236099265233665
1.0235348559027801
1.0235291794673924
1.023494315113961
1.0235356421825093
1.0234086769660424
1.0233404758100255
1.0233845894667744
1.0233817325902352
1.0232426739006524
1.0231130275619313
1.0230163813640494
1.0230147631940802
1.0229076430974802
1.0228145559907462
1.022825854088782
1.0228320951047152
1.022808463376167
1.0226669972942721
1.02261706963495
1.0225549002349126
1.022440722012085
1.0223993069326394
1.0223475063666387
1.0223091356884715
1.0221923701057594
1.02224399090482
1.02217136793685
1.022136495023088
1.0220549826869456
1.0220140983479888
1.0220269433244917
1.0219936234419342
1.021921568331511
1.0218678319939056
1.0217677467501347
1.0217791345978853
1.0217030765298039
1.0216737160007214
1.0216597240736909
1.0217069041344427
1.0218374911732293
1.0215858779147498
1.0215465328302156
1.021492593719782
1.0214436733705967
1.0214690113468892
1.0213938612088582
1.021320819921614
1.0213161809581526
1.0213178972375343
1.021288408905393
1.0212630132137475
1.022352397391706
1.021358782379022
1.0212260909702466
1.0211443579380843
1.0211589528333924
1.021115486284125
1.0210939346490033
1.0211123483879871
1.0210462169593715
1.0210226977857935
1.021023365825958
1.0210082654698869
1.0209716063896703
1.0209539279696984
1.0209390770001299
1.0209292467312592
1.020924840434905
1.020903287462232
1.0209111152825483
1.0208540949881661
1.0208772416536136
1.020828975567811
1.0208461138844322
1.0208017508411809
1.0208360159046017
1.0207819651086065
1.0207652909892806
1.0207830981485975
1.0207764121292349
1.0207724480943292
1.0207477879892057
1.0207396276535528
1.0207615946653348
1.0207655841805992
1.020739101460739
1.0207133915782143
1.0207488404417104
1.0207419491750496
1.0207167814022027
1.0207035527490131
1.0206904129092522
1.0207093066286406
1.0207009855861584
1.0207065730074847
1.020705035358124
1.0207217031909575
1.0206714485002601
1.0206827096818707
1.0206864963574296
1.0207064003295685
1.0207343374362
