1366.1404042602733
1267.9644844282857
1028.8268131641466
805.9899342639196
677.0211464435342
605.8058775464162
552.9524191252991
505.63616031293134
460.45719411561345
418.256890789207
379.6514446070241
347.07783854235174
318.5808143076225
294.05756031505024
271.7757537526414
252.77375956661058
235.39456157147868
220.20733708653717
207.04720738928677
194.8480076395085
183.93404067709628
174.14766139466727
164.27172500671324
155.39491104601345
145.87702465325947
137.5198955126881
129.24800794591002
120.28628016039505
111.35324699125817
103.67127159468212
95.95220464957211
88.5019967344374
81.67640145126562
74.73401531968999
69.86704047730679
65.99898432212423
59.999579977506535
53.23701998023517
46.847902326562064
41.93313366923327
37.64123309179841
33.3403367261569
30.194321000504953
27.9649845264476
25.224094195985902
22.041951250937014
19.356590555801255
17.052923364679227
15.204234854776681
13.900776194562093
12.657846117116264
11.601153828140534
10.395468177476003
9.15732880555842
8.281265629147224
8.021989639289659
7.098619987785589
6.4107529804670715
5.854720460562072
5.492185725881126
5.176718347395641
5.222711979620739
4.8602069222104785
4.52161911023533
4.353405706717126
4.165428703087541
4.039230204795321
4.006504505355295
3.935900190572706
3.8075676436423462
3.672581338092205
3.581666518058408
3.5070495701411915
3.4568211950002956
3.410132379467284
3.4489500201666403
3.4423527557720943
3.320756299410821
3.2689113234804377
3.278757659128741
3.2907307837710302
3.2363847860885135
3.2419775019951023
3.1693875550649824
3.144399674875494
3.1206942643754454
3.134318402514736
3.103533161356734
3.1125465525409677
3.1255102607235905
3.098760457683138
3.073658269634356
3.038587746465487
3.028733478466474
3.057307565289678
3.037982089260491
3.0179634802659083
2.990836010176419
2.9796392116364188
2.963995093864495
2.9543283328396233
2.9480764668546615
2.950991355417831
2.946924135639087
2.9467690295588223
2.9389748003404073
2.93838875155811
2.9311275665959653
2.9354620693572824
2.940284540384097
2.95777623961099
2.971662661615273
3.0288772193201954
3.1601259182899466
3.97102460361713
4.393842755347237
4.773040141977209
4.2028226420372565
3.5816976273277463
3.3674107214541498
3.2682186865364455
3.168334019419335
3.0842423952331317
3.0540449344684455
3.0368417207776472
2.9882040246445425
2.967462681492503
2.9391950673808194
2.922285456617315
2.905726931916549
2.892537790996305
2.8856854987274274
2.8799314696080205
2.8797320967330755
2.8808581903625976
2.8786707793698465
2.8786691140849525
2.879520182875871
2.875043419335384
2.8728981530246727
2.869216559471439
2.866158240363192
2.863437921613539
2.858883030577645
2.85696014806203
2.8541168267840247
2.85191802889139
2.849763724744161
2.850849954251981
2.8507126582852638
2.8562950489539123
2.8597566759453015
2.890382797468695
3.000569886544824
3.1743198948406803
3.4097826738979644
3.854959333160528
4.589044571931062
5.260285198417616
4.480925364786253
3.8394738678939087
3.6069788659183186
3.4411262526497772
3.256504726209439
3.1686047647723536
3.0655194280084923
3.019205908965623
2.990211928063672
2.9594107624978077
2.9396552241232876
2.9362491855589172
2.9021656477265396
2.8809236218156444
2.879239403801206
2.8838262005526922
2.8756986148717862
2.8714686488747674
2.881094554142402
2.8858535067165545
2.872643170722845
2.87847336203409
2.867847107436798
2.866575541551583
2.861576942463966
2.853079460888693
2.8528013220280948
2.8458056260388447
2.8460487669929244
2.8383929066340623
2.835582162288158
2.836688194000876
2.8342236642965912
2.833472172064457
2.8317041348997756
2.8313285444508667
2.8305725211046284
2.8310229643364324
2.831873766944517
2.8325241291296406
2.8300556281267655
2.829361436999443
2.833430635275786
2.844060086575667
3.0168892191817442
3.426739317276225
4.75923090608732
7.239149982962017
6.531548791723469
4.713398509032038
4.020161463097126
3.74397268663253
3.473612318456854
3.2882292723984823
3.166067404127206
3.110603537395468
3.015569726429093
2.9527920396612406
2.921095046976709
2.908790291480704
2.897394486104783
2.895083483849046
2.8881391798986935
2.896935149264548
2.909992702822905
2.9052490277469483
2.890349258252497
2.8887060144512993
2.8815174812204036
2.8653158233011133
2.861431683459994
2.8535433196320965
2.8495149686033527
2.844579520644315
2.8446192204830174
2.8413451376402112
2.838079475461113
2.836037758436625
2.836009849592815
2.8379569352095024
2.833723309995009
2.831453458254927
2.8295317189395712
2.8306417246475655
2.8312743748433125
2.8319000964757186
2.8306522001299657
2.827596036342524
2.830118393826357
2.828641078085275
2.8287807284228297
2.829706019310801
2.8273853895486343
2.825136010541301
2.823158461544657
2.822934474377746
2.826179359652921
2.834019358673552
2.8432150865415617
2.863901857701357
2.901893756734412
3.0290612978443154
3.2049845641702404
3.3972023306482084
3.5638131331581633
3.6511855536537787
3.6186042756445995
3.573210127474548
3.4040044870770725
3.285003660136849
3.1204949948944503
3.034653941135991
2.9606572582702206
2.9369416916768896
2.8893003716482597
2.8736319428341695
2.857236492049259
2.8454804145063597
2.841369346583326
2.8395519210498534
2.8386183223477945
2.8380754924292293
2.835584277309047
2.8355569661066697
2.8353900967879935
2.8327310445654326
2.829147885108437
2.827413158305691
2.82882037292687
2.824582623948135
2.8203293701530625
2.8175149776140618
2.8198464191269346
2.8188908004717215
2.8156120171427728
2.8147999198731894
2.8163934261563752
2.8111139987954186
2.80914908921237
2.8078368314486735
2.8068503160174054
2.8057342557123564
2.804925646746668
2.8046496663457763
2.8043714259309134
2.8036952858167665
2.8022842639879206
2.802105118690386
2.8017242822829553
2.8026524723533703
2.804422480391951
2.8012286787107077
2.806971349044805
2.804099993872529
2.8052123680770005
2.8057215989989115
2.8166945184809826
2.8894634085487896
2.9809698512625955
3.0225944305941996
3.0504796908778404
3.1170772122585864
3.1631122251737294
3.1469367955392125
3.0848855712456804
3.0046957638010463
2.9383684255716482
2.89726299181004
2.8681533558310335
2.843258900060971
2.8323342316341704
2.821811635970936
2.8189411297000535
2.8193567768821763
2.812757216395007
2.8110793811593258
2.8105646755146023
2.810228331281631
2.8120388943846635
2.8071451953590376
2.8054795284834073
2.803927624971391
2.8043442784482417
2.804770572404332
2.8044973352911953
2.8025067549088964
2.8011343058295783
2.8004018861368243
2.7991049014085174
2.798574436962292
2.7978072964719316
2.7972660313602966
2.796842024041842
2.795898511119703
2.794962536466622
2.794139220589168
2.7934973797741605
2.793445650078661
2.7933226919542147
2.7924652352208907
2.792147003283879
2.792043849929137
2.791457412898826
2.7910969661932667
2.7909876057912673
2.791001926334701
2.7905693830279654
2.7901953637342234
2.7906280526811114
2.7899218739864606
2.789205853296321
2.7885593387262957
2.7883663594572003
2.7881459641131445
2.7878179905552694
2.787617164137728
2.787674608567326
2.787484501367737
2.7871016689909336
2.786759973427418
2.7866272586424325
2.786261140738951
2.7860327890246035
2.7857992585994515
2.7858440351765847
2.785757795424706
2.7855282977401123
2.7852913372749577
2.7851153508405644
2.7847162042463434
2.7850463249430084
2.7844621433172025
2.784149308347689
2.7841107870258264
2.7841535461985734
2.783918048960946
2.783466487334796
2.7832238846002255
2.7830149540983475
2.7829991565386143
2.782902130763802
2.7830171423274517
2.7826638183839454
2.782474043966216
2.782596791778512
2.7825888422543748
2.7822019259989803
2.7818412470865472
2.7815724056983635
2.781567904645071
2.781269958780706
2.7810110704569664
2.7810424907701736
2.7810598473548307
2.780994126879989
2.780600738363309
2.7804619129425756
2.7802890586668005
2.779971628325296
2.779856497963535
2.779712503553068
2.7796058461454685
2.7792813027972487
2.779424775221962
2.7792229324748345
2.7791260145631
2.778899490741587
2.778785879595355
2.7788215732639263
2.778728984797984
2.778528770387471
2.7783794664389783
2.7781014055679187
2.778133042343898
2.777921750947134
2.7778401908921055
2.777801323826765
2.777932383753663
2.7782951694046436
2.7775962014425426
2.7774869188350757
2.777337107701809
2.777201242724003
2.777271612274758
2.77706290777193
2.776860074930064
2.776847193207518
2.776851959057192
2.7767700755316262
2.7766995584304364
2.779726099229851
2.7769654933633454
2.7765970383458587
2.776370107924804
2.7764106290515658
2.7762899506849266
2.776230117741669
2.776281238989081
2.776097645615221
2.7760323548606194
2.77603420936235
2.775992290573818
2.7758905271150462
2.775841454190279
2.7758002305594216
2.775772943830942
2.775760712979686
2.7757008877296006
2.7757226155024424
2.77556434749407
2.7756285932969846
2.7754946278021655
2.7755421955154915
2.7754190667482295
2.775514168287892
2.7753641535920432
2.7753178772247833
2.7753672981924002
2.7753487420949394
2.7753377405374557
2.7752693012608844
2.7752466542242624
2.7753076187698156
2.7753186909240104
2.7752451939098006
2.775173843599096
2.7752722221015484
2.7752530970265075
2.775183250965908
2.775146539271967
2.7751100745306987
2.775162507177041
2.7751394150279993
2.7751549209444693
2.77515065373256
2.7751969098652376
2.775057446707277
2.7750886973091227
2.7750992056895627
2.7751544417365417
2.7752319726050882