28436.382163188202
63.761971205538934
40.2879558991586
38.79439793383622
36.934537839136645
36.25748639664068
35.00063645743539
34.63926550898171
31.62742901635692
30.453480786683617
27.344595937859953
24.991242559156273
21.582420966315993
20.285803242700513
18.36318030798787
16.732872544143568
14.980617606340822
13.851574914200551
12.62382328414288
11.826531672529669
11.203826221877192
10.585447816510298
9.932822493463723
9.733618237942556
9.201982365465259
8.97840737976818
8.585006314420692
8.323306960292818
8.235469346484424
8.281856898331219
8.03513883376039
7.918944739673132
7.774745679471585
