10.255424666373477
4.155156950025696
3.696052563221708
3.6582758530564266
3.609147098086296
3.590645881264738
3.5553662458222317
3.5449878799180996
3.4540247509395154
3.4162002991723828
3.308518920235365
3.2185254658659037
3.071879139187139
3.009921293739879
2.910347589580916
2.8173752004478425
2.7067572059668845
2.6283989383852497
2.535585765601142
2.470345454322245
2.416255346913169
2.359480210400503
2.295844676688333
2.275585691199234
2.2194189353507907
2.194822514666486
2.1500172298670126
2.11905964705141
2.1084503561141137
2.1140672063374426
2.083824277666262
2.069257957008844
2.050880747494504
