4.945226119184404
4.939151738038325
4.911655538403332
4.8784340121940595
4.7924411160217515
4.743303408794657
4.726757557704281
5.006641531081082
4.931154716716093
4.952723996598535
4.9350582457584045
4.926673761038446
4.923169306333422
4.9207631538217385
4.918941227263246
4.917470507648909
4.916285884357721
4.915300640526035
4.89936801468851
4.89883457144026
4.898741869953597
4.898721991544431
4.898723865595896
4.898726536969758
4.898721675945188
4.898705252117178
4.898687883662997
4.898643397380098
4.89859653903592
4.89059573251337
4.890629497832093
4.890670560659449
4.890714182663688
4.890757847918053
4.890799754213337
4.890838939912857
4.890874421302462
4.890906256109306
4.890934146287545
4.8909579890502695
4.886852717535319
4.886895493357186
4.886932061971704
4.88696467473792
4.886994821161202
4.887023176414012
4.887049920011517
4.887075408993455
4.887099496598941
4.887122360352547
4.887143933659939
4.885031819388808
4.885053062800891
4.885072490069627
4.885090516323835
4.885107307325504
4.88512321486645
4.885138451397079
4.885152993935109
4.885166944724559
4.885180421029368
4.88519328368909
4.884110217121566
4.884119535985437
4.884128482970612
4.8841370700206435
4.884145441181972
4.884153509411459
4.884161206848029
4.884168834794857
4.884176055756194
4.884183319967657
4.884190176288815
4.8836380598441025
4.883642268497532
4.883646289130542
4.883650317363992
4.883654160291465
4.883658075785049
4.88366190785475
4.883665474089997
4.883669185457465
4.883672740111089
4.883676270696651
4.883396351541016
4.883398376696476
4.883400326209458
4.883402217452395
4.88340414959294
4.883405865120933
4.883407765050088
4.883409531971535
4.883411321513341
4.883413082643976
4.883414964476844
4.883273670297872
4.883274570045254
4.883275457306198
4.883276421295398
4.8832773507206895
4.8832782508299974
4.883279190027284
4.8832800007409345
4.883280930528152
4.883281804940732
4.8832826420749615
4.883211614511045