140.5026175970731
139.65173804543858
135.86415665139967
131.4246931871905
120.59539699432212
114.81284969866236
112.92880294480996
149.40213021751208
138.53939376713757
141.56004828913555
139.0812431886511
137.91999367265296
137.43750522515978
137.10720715987935
136.8576353176139
136.6565040490856
136.49471342089038
136.3602990727615
134.20493732907659
134.13336570277426
134.12093191668663
134.11826583242302
134.1185171771911
134.11887545837095
134.11822350480656
134.11602078825933
134.1136914205261
134.10772533361438
134.10144141489204
133.03280241522694
133.0372943860371
133.04275738565065
133.04856110396128
133.05437083006547
133.05994676265078
133.06516091190224
133.0698823324802
133.07411865391188
133.07783016655728
133.08100314751195
132.53578938708822
132.5414588356628
132.54630578180112
132.55062855397273
132.5546245415595
132.5583832147384
132.56192835018956
132.56530726184934
132.56850048113006
132.5715315293114
132.57439156656264
132.29467480301784
132.29748522316237
132.30005542692683
132.30244032285304
132.30466183199997
132.3067664905653
132.3087824020231
132.31070652151362
132.31255237319778
132.31433546949836
132.31603739471748
132.17280789580994
132.17403960195318
132.17522216641632
132.17635716653507
132.17746364077595
132.17853008318778
132.17954752295483
132.18055578536058
132.18151025948956
132.18247045741904
132.18337674599485
132.1104162731676
132.11097228129412
132.11150345209813
132.11203562914733
132.1125433270941
132.11306061392253
132.11356688134921
132.1140380302482
132.11452835490084
132.1149979771225
132.11546442125038
132.07848794745635
132.07875542719822
132.07901291669748
132.07926271043405
132.07951790637927
132.07974449268383
132.0799954350796
132.08022881026235
132.0804651735651
132.08069778472344
132.08094633875567
132.06228538825775
132.06240421100668
132.06252138487207
132.06264869177784
132.0627714342006
132.0628903051839
132.06301433835034
132.06312140368226
132.06324419434156
132.0633596721541
132.0634702269592
132.05409041350322