0.767793295904994
0.7673132112249732
0.764452600851655
0.7658108277246356
0.769050246104598
0.7707406850531697
0.766800076700747
0.7720056166872382
0.767967558465898
0.7691864045336843
0.7753222351893783
0.7682100757956505
0.768903711810708
0.7744864067062736
0.7744834907352924
0.7712818728759885
0.7791710421442986
0.7733051916584373
0.7721970463171601
0.7738463655114174
0.7727846149355173
0.7732534734532237
0.7723636412993073
0.7799355695024133
0.774623803794384
0.7779294978827238
0.7786510856822133
0.7769759837538004
0.7839201986789703
0.7771485187113285
0.7824878171086311
0.7860655905678868
0.7803917909041047
0.7817935952916741
0.7778770560398698
0.7815332068130374
0.7873003613203764
0.7858800189569592
0.7796901157125831
0.7832468347623944
0.786977831274271
0.7824197690933943
0.7831385983154178
0.7835991680622101
0.7911238241940737
0.7861548671498895
0.7905315458774567
0.7855723090469837
0.7863150183111429
0.7871835799887776
0.7869778666645288
0.7909666830673814
0.786217781715095
0.7890549348667264
0.7885972624644637
0.7892203917726874
0.7961532985791564
0.7934858053922653
0.7970725493505597
0.7930299658328295
0.7971402620896697
0.7970300493761897
0.8199038850143552
0.8273666510358453
0.8247341020032763
0.8223815122619271
0.8222857024520636
0.813145512714982
0.8048279667273164
0.7985197473317385
0.7948604514822364
0.7995713725686073
0.8034846959635615
0.7968902522698045
0.7973912823945284
0.8001005155965686
0.7963803494349122
0.7952561564743519
0.797175969928503
0.7935826145112514
0.800041033886373
0.7997933253645897
0.8053372716531157
0.8087436594069004
0.812536308541894
0.8161811353638768
0.8216431057080626
0.8351865625008941
0.8416179064661264
0.831333507783711
0.8189212121069431
0.8192288875579834
0.8299205619841814
0.8155144080519676
0.809473174624145
0.806789549998939
0.8110857782885432
0.8157984893769026
0.8274023262783885
0.828440722078085
0.8243528017774224
0.8193926513195038
0.810990834608674