2.1550055434198345
2.153971206577581
2.147818338874594
2.150737545484392
2.157715981153552
2.1613665529531088
2.1528662131166896
2.1641022637575524
2.1553811129274947
2.158009792373943
2.171291681052992
2.155903893588724
2.157399824930269
2.1694776118518044
2.1694712857272673
2.162536574784442
2.1796646662420343
2.16691650515741
2.164516576707639
2.1680895010803263
2.165788752430692
2.1668044390228705
2.1648772043466367
2.1813317166825272
2.169775712236987
2.1769601952910955
2.1785316301039
2.1748854223066556
2.1900408545037946
2.175260698443817
2.186906125945186
2.1947443940531577
2.1823271139393667
2.185388454862059
2.176846034480062
2.1848194789676656
2.197456074047166
2.1943371495880535
2.1807963662503744
2.188566656408149
2.196747442721879
2.1867573163869607
2.1883297865484947
2.189337897178992
2.205874048413995
2.194940342077683
2.2045679438728123
2.193662034176476
2.1952918924721994
2.197199467184446
2.196747520465339
2.2055274421144517
2.1950784401391013
2.201315056788473
2.200307806151287
2.2016793097000638
2.2169963817369776
2.211090439525625
2.219035294363513
2.210082766719811
2.219185556408746
2.218940987424412
2.27028161896032
2.2872875762999922
2.2812740984643667
2.275913504534687
2.2756954601401147
2.254989942181998
2.2363117456974133
2.2222490026368487
2.2141319964060706
2.2245872050114532
2.233309790181704
2.218630807576758
2.2197426869662693
2.2257646413097083
2.2174998098123835
2.2150083128602143
2.2192648001437383
2.211304503604584
2.225632252959732
2.2250810131605347
2.237451000374503
2.245085621920196
2.2536166112608864
2.2618456411163876
2.274233575398583
2.305244080272631
2.320117675212211
2.2963789386005247
2.268051770506441
2.268749701720559
2.2931365708095024
2.2603381094642403
2.2467240435995146
2.2407027626726457
2.2503500418883973
2.260980320524943
2.287369177294602
2.289745605463639
2.2804044139513753
2.2691212711296327
2.2501363955167735