1309.220906351832
1286.3536903802387
1212.1624314193582
1098.8230833159707
949.4135924043084
776.3891459929753
606.747575786797
479.2829254842852
397.750901296538
340.3937751880883
297.47744742696597
265.5034903078194
240.41650092954404
220.86680368128665
204.92642135468603
190.8743069752387
177.91307746569467
164.98492574962006
152.22973321353678
138.91308522769106
125.83215868479978
112.32633676316944
99.39626199696593
87.17058587651987
75.62613265762607
65.32081186271127
56.05200746689082
47.78266675784653
41.21605881663979
35.0175171405824
29.944574020808773
25.30163802047538
21.95798510205474
19.63952486502028
16.950347222356285
14.883575118990782
12.944456673712567
11.405017054005283
10.132295068722623
8.85389987813679
7.733872370780967
6.991033870516039
6.351322689332242
5.856620089527747
5.417747768820346
5.0405453842437
4.737422934055682
4.4481730520139875
4.1976988170084555
3.9557706023292907
3.7893206630867002
3.6718104459245393
3.563069514215805
3.4385214135538122
3.33747405725424
3.277038285743223
3.2222972812754844
3.164706150893584
3.1313688757672735
3.1078967315017976
3.084114340930993
3.0882170275877163
3.177582217925587
3.188096807649462
3.1748089460159137
3.098745308472194
3.0312555524945664
3.0099809582255728
2.9927255323552537
2.981808984910734
2.975997788509355
2.9700391958076398
2.9561056334490248
2.94428707918461
2.941755345662632
2.938500568468245
2.936231549405841
2.939919022836544
2.9436430781413727
2.932680000106639
2.924055081120052
2.913175522112039
2.911112882535247
2.9090479278959362
2.9095646294815323
2.908370677978398
2.9071889133504483
2.9082023241176684
2.915868480648904
2.9316324645145775
2.9619146559680303
3.0147647116360177
3.3494010676088797
4.5276585282785575
4.856149702608084
3.834951900865255
3.3308659470523305
3.1471698313221195
3.032235325822865
2.978478868766176
2.946675127032144
2.9228610599110767
2.9053839046739256
2.895080386629836
2.8851446958819866
2.8793689249188397
2.8738236292613784
2.867205989534865
2.865135546456793
2.861114888908794
2.859858230400743
2.85604455630286
2.8522879886153776
2.850264956833994
2.84561251736523
2.844646208670667
2.8418215229623534
2.84188346484818
2.84166587495553
2.842282822997445
2.8476839714491966
2.874021092104835
2.8921646938123744
2.9023311178900046
2.950260097320382
3.1802415047073236
3.523779950283014
3.724970386482415
3.842861181247911
3.68238050929013
3.542614517935938
3.304779787408223
3.1688128720141004
3.071029397065004
2.993862894334208
2.9565014048034213
2.923551086642821
2.904580862205754
2.892638718211732
2.8839823312665387
2.8696030574041207
2.856675807685821
2.8470100929783464
2.8425519958171805
2.83697160718162
2.833836453486016
2.8340951918745434
2.833765259140915
2.830244211151943
2.8324682107000285
2.834057298382736
2.833021758583824
2.8381433790400896
2.833926726735412
2.832291888354269
2.8278533365203087
2.8240032491881895
2.8193568387914345
2.8135638694550957
2.8114680778790198
2.810392574183972
2.807819780782879
2.8070471413882583
2.8105235605108634
2.807078467046891
2.8542654814213266
3.0395066376575683
3.7689232615790487
7.95345113821934
8.097264370466332
4.993840908795713
3.8955734457441307
3.465391319739531
3.2462562384226965
3.096431408036774
3.0009282168006464
2.941724645840197
2.9069738497639843
2.8937841539029043
2.8924646697097014
2.879116118781828
2.8709946324438995
2.865625102817358
2.87603558106891
2.877298868146627
2.8687828367251442
2.861695365915357
2.856194032567801
2.8523323363746793
2.842233491377813
2.838959898600443
2.835112108360251
2.8328214587461433
2.831713148485191
2.825831626689859
2.8254234346056273
2.8174889156654994
2.8183667806095998
2.8146106685540073
2.8139262235443656
2.8114630804000083
2.811321480881117
2.808194526741025
2.810611646925187
2.811967407964336
2.8107032024988845
2.8109457930567587
2.815573115798974
2.8136384053055505
2.8153489160474297
2.8237512038247234
2.834283827370444
2.919321791465677
3.0241894105850218
3.24788934700782
3.865430443434057
5.236315192731365
5.582871953651627
4.478041933512825
3.812264102619424
3.442583501434708
3.2451226870380023
3.1294843603433926
3.03425396902359
2.9683260390835677
2.9298572872627218
2.907114472677334
2.877952359284843
2.8724516140713754
2.8650002107437
2.857674077909615
2.840852057696657
2.834848880601445
2.832203750521978
2.8306043177534392
2.8289519690246117
2.8287962181138777
2.827344540801788
2.82977030908277
2.823926791275606
2.8295618141132226
2.8238734222682202
2.8163837301259353
2.814986133718796
2.8179362641733796
2.8207778711874627
2.817505911340012
2.8107716545526826
2.8036515447543153
2.8002096368626193
2.7988102918079765
2.799830132035757
2.7982762392499527
2.7936133121675533
2.792440964243521
2.803866848880897
2.841583167287008
2.880206880814758
2.9272425390967953
3.100424498425892
3.2195990747797336
3.3441746220893256
3.449046754623432
3.4161231655114612
3.328653316351155
3.212932524166534
3.104473515017186
3.005484777739986
2.9344273058711994
2.8835314477168787
2.8529173556842653
2.8323986066171063
2.824160694328708
2.823265319531732
2.821822391171537
2.815608988759844
2.8157979023688937
2.809707554682254
2.803468026017741
2.798355810422612
2.796095660350886
2.7949949766918794
2.7905446485024856
2.789614476440687
2.787749406825133
2.7869843723449987
2.790625540567027
2.7870643208513206
2.7852222400901994
2.784371882864975
2.7834638479558707
2.7824187807061946
2.7819942960418
2.780679740946739
2.7803422572812577
2.7805654580189056
2.7790873456406135
2.778898304059723
2.778388368510743
2.7798139971610323
2.780592289983331
2.778490596987525
2.775953951465959
2.7752825769482907
2.777178421250206
2.780546856112029
2.779390259185794
2.7774860021454093
2.777489643300286
2.7786672359835105
2.785400702899006
2.8075945344480497
2.7994582671244728
2.824771469871478
2.801429212799902
2.8008177755223693
2.8458058332143588
2.9408136670263403
3.0966738327264083
3.331107767095651
3.35427158145897
3.208775353237473
3.0649184180297344
2.964442943543998
2.8965496278271234
2.8530059865204236
2.8327525004021448
2.8139649091452665
2.805979007838382
2.8077710844511694
2.803673648206691
2.7968770090725967
2.7941563727179624
2.793861836443292
2.787769597547954
2.7898833158986847
2.7936064378048404
2.790510614913635
2.786751628139947
2.7820956625647457
2.7815640548601173
2.7785830712747375
2.7778319534038287
2.7811692223490607
2.7779514524431397
2.775600383750884
2.774347201780786
2.7786233493918613
2.772464440243361
2.7709209425854255
2.76976153558384
2.7703028748960343
2.7691546797771514
2.7688726845994935
2.7686409633349296
2.7694048460667817
2.7680759417107246
2.767271113404603
2.76632665798046
2.766572663879187
2.767053247508197
2.7669674263122688
2.766055135629935
2.7655891094285905
2.7653372699405168
2.7646994817497337
2.7633872019373604
2.763673654508557
2.7671880621358342
2.7628165957178434
2.7620512913447355
2.761606279644992
2.7623325819815134
2.7609702457327336
2.7613018997860954
2.760951735183478
2.760331506316369
2.7601306927398324
2.760515585355405
2.7689893422339367
2.767011440925407
2.765369298434465
2.7637608015512694
2.7603922286446103
2.7594040902274455
2.7581090978178797
2.7580811196054693
2.7572373568875936
2.7569898697168553
2.7570088762527063
2.7566697873142147
2.761741567634207
2.758967172639139
2.7575681883408647
2.7554461574644127
2.756104735452258
2.755422465479984
2.7549428471450854
2.7551556170942106
2.755145960714063
2.7551147052498606
2.7543284554641554
2.754535575829963
2.754136107639498
2.75366366960465
2.75409631429948
2.753253404556632
2.7528941249823893
2.7525946758563875
2.7529682461706737
2.752822193856186
2.751968183278
2.7527267069527728
2.7517082229430065
2.7515001164977866
2.7513088351962134
2.7520679939479358
2.7520656442089004
2.7507763017364053
2.751161776582154
2.750906727757045
2.750181967776644
2.7503374679065447
2.7505746601779553
2.750456783670644
2.750114377114422
2.7497283492186084
2.749324019326703
2.7491943366188276
2.7489309525856322
2.7488915000028467
2.7486451751321543
2.7487793553896287
2.748558968491888
2.7483236687144066
2.748122139372716
2.7482558492673856
2.7482256729032675
2.7476129137226235
2.748024064927168
2.7472860147712734
2.747409846937891
2.747515907273057
2.7473871702565424
2.7468483723240835
2.746936298975518
2.7468540351636417
2.7470739625201133
2.746499999467674
2.7469204684110795
2.7466885334382276
2.7467865896673045
2.7464702656409585
2.7461115665751965
2.7460823342314
2.746104608141312
2.7459574982718187
2.7463832832842736
2.745503078105713
2.745137390390194
2.7458462651232716
2.7457852519617996
2.7457285792540134
2.7451965953420325
2.7453349081369365
2.7453247567252435
2.7451015850303544
2.745103594863968
2.7447303935484757
2.745072943701759
2.7448907250975525
2.7449596197433013
2.7453231910847924
2.7449903545659793
2.7444271615156017
2.7446961407083497
2.744499636676184
2.744280636540282
2.744640354021982
2.744713221018162
2.7447989013107463
2.744515569382514
2.744302478988539
2.7443983115170067
2.744537992412353
2.744313461917852
2.7449800147453622
2.7444121215753214
2.7443283185550866
2.7444395151571723
2.7443307099768823
2.744300491966934
2.7442484982932487
2.7441897605186303
2.7443226303821975
2.7440877105382784
2.744210888973129
2.7441045103025252
2.744074681058894
2.7443346391341072
