7.177187511298664
7.159566898383237
7.100161176972375
7.001994961750706
6.855844522850954
6.654653871280823
6.40811284919172
6.17229108167184
5.985825933202854
5.830103109775517
5.695338415144009
5.581627986764395
5.4823728397794484
5.397559821547418
5.322650994490085
5.25161513275415
5.181295102176312
5.105854110633873
5.02539078254737
4.933848451426069
4.834948945022165
4.721408355737129
4.599114507291091
4.467866956080626
4.32580189352977
4.179310697031627
4.0262799645216
3.8666629536060992
3.7188279575150265
3.5558484260171275
3.399348140228995
3.2308691375299867
3.0891308593377107
2.9775441104249403
2.8302883187114087
2.7002582639193604
2.5606676404194166
2.4340533510447715
2.3157278541712234
2.1808580261521326
2.0456096906932335
1.9446284523923842
1.8486630887463178
1.76757266065825
1.6896801882824939
1.6175142873883364
1.5554933030584341
1.492493461770163
1.4345364744246065
1.375175424801406
1.3321867584599545
1.3006848499455643
1.2706223964574632
1.2350415573441738
1.2052142505888133
1.1869400528169447
1.1700945465678927
1.152060207966369
1.1414702494473052
1.1339462052808595
1.1262645305426588
1.1275939106475106
1.156120598782309
1.1594241267308696
1.1552474560509214
1.1309972903595642
1.1089769074527633
1.101933752569868
1.0961845214765442
1.0925301582582536
1.0905793738621536
1.088575149969155
1.083872737714389
1.0798667094225058
1.0790064595311968
1.077899440525797
1.0771269732439857
1.0783820377183917
1.0796479564724546
1.0759166807722835
1.072971379302464
1.0692437309207339
1.0685354419351207
1.067825855106436
1.0680034581284137
1.0675930199035801
1.0671866051379304
1.0675351322571203
1.07016771047113
1.0755594230001158
1.0858359024554987
1.1035217878755585
1.2087815440644967
1.510204924691108
1.5802458816609424
1.3441568925933054
1.2032323143465895
1.1465035827278742
1.1093000788259832
1.0914127234722746
1.0806774591420754
1.0725629516127988
1.066565534644346
1.0630128780418127
1.0595750532541806
1.0575711468447688
1.055643418084608
1.0533380327802715
1.052615660201769
1.0512113701679606
1.0507720538131886
1.049437645302024
1.048121475229515
1.04741195726954
1.0457783404916146
1.0454387043694713
1.0444452279007912
1.0444670242065326
1.0443904558934074
1.0446075402047277
1.0465060223116087
1.0557121265668674
1.0620052507429412
1.0655142478462771
1.0818933350482878
1.1569571387849362
1.2595342629582769
1.315058901862315
1.346217188434284
1.3035594205702505
1.2648650189299038
1.1953698409500944
1.1533570294272981
1.1220128138860066
1.096564491473335
1.0840066114362268
1.0727990029610963
1.0662890983816466
1.0621691368309052
1.0591720929360227
1.0541737126814654
1.049658643826478
1.046269353417241
1.0447022387592209
1.0427371477334964
1.0416314308827457
1.041722729933227
1.0416063076123698
1.0403630016253258
1.041148490803216
1.0417093592654925
1.0413439012226355
1.0431500986174753
1.0416632858655785
1.0410862384420452
1.0395178854873337
1.0381554701927238
1.0365087875872414
1.03445196070163
1.033706794561179
1.0333241797029564
1.0324083034710219
1.032133091463255
1.0333707864566515
1.0321442510492058
1.0488145355488432
1.1116952120034227
1.3267893536582605
2.0736059399061304
2.0915262725928896
1.6082053348815337
1.3598408946077378
1.2428255612549544
1.1775024057250336
1.1302502897011804
1.0989216464122835
1.0789960235910798
1.0671126259270536
1.0625650414273886
1.0621089655632847
1.0574833438426752
1.0546585315599935
1.0527865123422497
1.0564128115030327
1.0568519610463698
1.0538878411142008
1.051414234489057
1.0494899807437774
1.048137023243853
1.0445901837167153
1.0434377522063045
1.0420814807930068
1.0412731968878768
1.0408818813246599
1.0388027024059352
1.0386582417222412
1.0358460328213048
1.0361575613623142
1.0348239460066033
1.0345807407025833
1.0337050170259858
1.0336546506932986
1.0325417596690234
1.0334021276043308
1.033884383541398
1.0334347020379493
1.0335210078739119
1.0351658344035741
1.034478451965608
1.0350862027729477
1.0380662151212683
1.0417892870548766
1.0713513261062309
1.1066430921312185
1.1780053536796384
1.3520730454201573
1.6556180434725734
1.7197033310216194
1.4991858824723394
1.3382232652964363
1.2362222073714404
1.1771531574653857
1.1408682498764082
1.1099655850774965
1.0879981707151567
1.0749537144238648
1.0671609990874111
1.0570790549177578
1.0551658860632633
1.0525684237247106
1.0500080344847105
1.044104027491744
1.04198863085647
1.0410551190492812
1.040490228700964
1.039906314099872
1.0398512565378804
1.0393379463478267
1.0401955454929832
1.0381283955257077
1.04012186366442
1.0381094964834718
1.0354536968125858
1.0349573357247421
1.036004795823046
1.0370126877595485
1.0358520650094556
1.0334590558082826
1.030922690677736
1.0296942846865949
1.0291944311045016
1.0295587482107467
1.0290035987646116
1.0273358518893185
1.0269161109117935
1.0309994819110673
1.0443613501238334
1.0578621251841793
1.074060866967907
1.1315390370924567
1.1692568408662156
1.2072199133833832
1.2380978898568586
1.2285063307539343
1.202567812692618
1.1671840790313244
1.132844140627517
1.100438878683051
1.0765123084726456
1.0590157401060663
1.048342104298395
1.0411239168511108
1.0382112211029784
1.0378941298113773
1.0373829142322522
1.035178575231416
1.035245668095694
1.0330804048628635
1.030857231493453
1.0290320341421595
1.0282240370734579
1.0278303093574614
1.0262367912984198
1.0259034057982623
1.0252346060842363
1.0249601411446565
1.0262657787909373
1.0249888271180765
1.0243276691506684
1.0240223121666372
1.0236961405764344
1.023320614417627
1.0231680431906662
1.0226954089464912
1.022574034254572
1.022654309184204
1.022122580867592
1.0220545556538265
1.021871036040585
1.0223840179681078
1.0226639589606143
1.0219078295275146
1.0209944544183427
1.0207525715450387
1.0214354559007162
1.022647619189172
1.0222315724178026
1.0215462027873228
1.0215475137399206
1.0219714012313799
1.0243917419880133
1.0323280791732923
1.0294259224352833
1.0384274657054613
1.0301297200972965
1.0299114372257148
1.0458462728899363
1.0786863005522527
1.1303285782754362
1.203304911463841
1.2102346325316853
1.1658893544536415
1.1200209517516233
1.0866891374103251
1.0635202451302275
1.0483731705538806
1.0412488539547515
1.0345944885168141
1.0317525004827848
1.0323909602090644
1.0309305744553359
1.0285034408084575
1.0275302265979211
1.0274248095201957
1.025241848718619
1.0259997727001633
1.0273333911438958
1.0262245951859483
1.0248766265307003
1.0232044791662565
1.0230133791589784
1.0219411111763612
1.0216707505671743
1.0228714228608624
1.0217137684570379
1.0208670783019602
1.0204154769229983
1.0219556069910118
1.0197366142785678
1.0191797351907075
1.0187612282565612
1.0189566553396447
1.0185421038699407
1.0184402642944574
1.018356572847562
1.0186324400985696
1.0181524729682088
1.0178616769968707
1.0175203238764117
1.017609248646077
1.0177829443884037
1.0177519285317622
1.0174221663880558
1.0172536717481977
1.0171626058142207
1.0169319425393641
1.0164571743556832
1.0165608289304717
1.0178316645724799
1.0162506650619842
1.0159736251784444
1.0158124958198673
1.0160754611997893
1.015582156262906
1.0157022713333048
1.0155754518765274
1.0153507835005036
1.0152780310499354
1.0154174685711268
1.0184823952229258
1.0177678355723183
1.0171741878764953
1.01659236147723
1.0153727814598867
1.0150147470794
1.014545335448033
1.0145351914133611
1.014229220786985
1.0141394576485672
1.0141463515695588
1.014023352403445
1.0158614834965383
1.0148563968820656
1.0143492001592238
1.0135793741264418
1.01381835513334
1.013570775850544
1.0133966972517945
1.0134739263432933
1.0134704214969572
1.0134590770375578
1.0131736580693944
1.0132488533781654
1.0131038208860805
1.012932268522119
1.013089372207459
1.0127832686213571
1.0126527673687753
1.0125439853379221
1.012679691829756
1.0126266377529207
1.0123163586953985
1.0125919502385083
1.012221890810298
1.0121462598574127
1.012076738526278
1.0123526268690561
1.0123517730601954
1.011883163382231
1.0120232866772925
1.0119305765174351
1.0116670795899332
1.0117236197519162
1.0118098571852854
1.0117670010378401
1.0116425024915416
1.0115021246968825
1.0113550703080403
1.01130790025258
1.0112120915834273
1.0111977395074458
1.0111081266915927
1.0111569423712827
1.0110767628789996
1.0109911507991518
1.010917820014562
1.0109664738353046
1.0109554935876692
1.0107325033474994
1.0108821315732752
1.010613520648822
1.01065859399583
1.0106971970051963
1.0106503401217457
1.0104542080374874
1.010486217537933
1.0104562696124102
1.010536331585076
1.0103273736067182
1.010480454532049
1.0103960164248187
1.0104317155867844
1.0103165474688436
1.0101859352805398
1.0101752902289174
1.0101834013548299
1.0101298295391155
1.0102848763689618
1.0099643288819322
1.009831124852946
1.0100893207542592
1.0100671003407864
1.0100464602369716
1.0098526918293793
1.009903074126556
1.0098993764245265
1.0098180815737734
1.0098188137262332
1.0096828528513306
1.0098076479059743
1.0097412654614752
1.0097663643772652
1.0098988061310143
1.0097775611360051
1.0095723688544183
1.0096703732817753
1.0095987766252819
1.0095189774257813
1.0096500478065842
1.0096765962863599
1.0097078122817642
1.0096045819312363
1.009526936655986
1.0095618565877278
1.0096127520208835
1.0095309387320763
1.0097737943322078
1.009566888664708
1.0095363523253946
1.0095768701995222
1.0095372237301525
1.0095262126023004
1.009507266365771
1.0094858621805178
1.0095342796219409
1.0094486738346655
1.009493561492521
1.009454795983297
1.0094439256226213
1.0095386554651828