7.833046992619832
7.8377812306086225
7.795169464747111
7.667688544591268
7.448731088638306
7.061088681221008
6.745221130053202
6.527012181282044
6.38256094455719
6.227443472544352
6.026172033945719
5.939323631922404
5.920525709788005
5.700843763351441
5.529917025566101
5.540012216567993
5.499584086736044
5.426853307088217
5.3655683120091755
5.33425079981486
5.315501896540324
5.265070740381876
5.182098237673442
5.169962735970815
5.260809771219889
5.2016635497411094
5.0842397530873615
5.006005795796712
4.887877893447876
4.9548541824022925
4.8536652247111
4.787886683146159
4.686467123031616
4.6152891675631205
4.567077819506327
4.470196715990702
4.472100536028544
4.382741494973501
4.1865465124448145
4.17187275091807
4.085334587097168
4.05102592309316
3.9219441095987957
3.809627310434977
3.6679343938827516
3.637934692700704
3.5072028319040935
3.41941548983256
3.34558900197347
3.2118453780810037
3.1505910317103067
3.0154096603393556
2.919390058517456
2.804865888754527
2.7173487265904743
2.6506718436876935
2.515769950548808
2.4237792412439982
2.34692120552063
2.2616496682167053
2.1783898452917736
2.0864356458187103
2.0310933689276376
2.0209025422732037
1.9186546146869659
1.8710710565249125
1.8141654888788858
1.7670868595441183
1.7143502871195475
1.6988569140434264
1.6529184937477113
1.6349228302637735
1.6094397207101185
1.5893874088923137
1.581698626279831
1.539590479930242
1.5302972654501596
1.5162366688251496
1.5010128657023112
1.4907945672671
1.4754173318545023
1.4681387821833292
1.4598433057467142
1.4543701390425363
1.4445844113826751
1.4382943709691365
1.437226762374242
1.433576625585556
1.4324102461338044
1.429506492614746
1.4181774079799652
1.406498384475708
1.3988673309485118
1.396612956126531
1.3979466954867046
1.4026563207308451
1.4215667088826498
1.4053953131039938
1.4035429000854491
1.4012391189734141
1.3949496150016785
1.392165231704712
1.3896270553270975
1.377053334315618
1.3819645325342813
1.3737054665883381
1.3611675361792246
1.3707937598228455
1.380363303422928
1.3761572738488514
1.3712368667125703
1.3684555311997733
1.3720951914787292
1.370508426427841
1.3599719206492107
1.355027288198471
1.3539790829022726
1.3651320894559225
1.3655024826526643
1.3542242983977
1.3594740053017935
1.3753116031487782
1.369758532444636
1.3574290851751962
1.36703675587972
1.3491687575976055
1.3492220799128214
1.3546342074871063
1.356937704483668
1.3439462224642436
1.347117805480957
1.344627139965693
1.3497399747371674
1.3502173602581025
1.353394971291224
1.342999776204427
1.3402717192967732
1.3291937351226806
1.3385250687599182
1.336100693543752
1.3312526106834413
1.3287435829639436
1.3379298905531565
1.3238119224707285
1.3299030383427939
1.3318117558956146
1.3418865859508515
1.332790380716324
1.3398977557818095
1.3446261445681253
1.3481306076049804
1.3525468011697133
1.3411129613717396
1.3431182583173116
1.3361245314280192
1.3365199903647105
1.3454268078009288
1.349824986855189
1.3362462798754373
1.3400514423847198
1.3440013945102691
1.3428256412347157
1.3375431259473165
1.3380516489346823
1.3259915471076966
1.321472911039988
1.3214440723260243
1.334320749839147
1.3652705093224844
1.3509989420572917
1.346674774090449
1.3418180127938588
1.3486473898092906
1.331023108959198
1.3353676795959473
1.319467443227768
1.3195534725983937
1.3216701447963715
1.3240702251593273
1.3195045828819274
1.3250531514485677
1.3468280831972759
1.349365496635437
1.3436946551005045
1.3451820453008017
1.344679601987203
1.3556648015975952
1.355063368876775
1.3445818384488424
1.3440428535143534
1.3378568410873413
1.3297549525896708
1.3222073237101237
1.3143509109814961
1.3048106670379638
1.312204619248708
1.3162002742290497
1.3128523468971252
1.315502897898356
1.3206016262372335
1.3293635725975037
1.328961968421936
1.3410912613073984
1.3300328036149343
1.3240825494130453
1.3140508790810903
1.3108557105064391
1.293822499116262
1.2982338507970175
1.2929218331972758
1.2947743634382884
1.2905282239119211
1.2866412381331125
1.2851129690806071
1.286626656850179
1.3007045368353525
1.2939055621623994
1.3079536596934
1.3045638064543406
1.3138853847980498
1.325534733136495
1.324077699581782
1.3109963019688924
1.3063916285832724
1.3235768099625906
1.3229310830434164
1.3216603636741637
1.31222159465154
1.308429624636968
1.3059083143870036
1.3025210738182067
1.2872122466564178
1.2912435054779052
1.2892365078131358
1.281691950559616
1.2815194408098856
1.2885387321313222
1.2960588991642
1.2896310627460479
1.2808012505372366
1.2723969578742982
1.2728968719641367
1.2674282848834992
1.2671580533186595
1.2759447952111562
1.268136344353358
1.2689313451449076
1.2757674992084502
1.3063101987044017
1.3098235070705413
1.3287183582782744
1.3243281881014506
1.3122267564137777
1.3051698287328084
1.292136538028717
1.2870835383733115
1.2888822893301646
1.2881287018458047
1.2775939325491588
1.267925618092219
1.2710284809271495
1.2733687698841094
1.2693955898284912
1.2640010396639505
1.2851783355077109
1.268268386522929
1.265079426765442
1.263794203599294
1.265007452170054
1.2620018164316813
1.2601981659730275
1.2609394292036693
1.2564042111237843
1.2588213046391805
1.2655804455280304
1.2811004102230072
1.2708072324593862
1.2659553746382395
1.2738903959592183
1.2680192907651266
1.26064905722936
1.257873111963272
1.2575753887494405
1.2521848539511362
1.2499271929264069
1.2520219206809997
1.2556682606538137
1.2492218176523844
1.260174467166265
1.2756463627020518
1.2676136016845703
1.268511603275935
1.2822978138923644
1.2754233439763387
1.2679502526919046
1.2662248353163401
1.2551868240038553
1.2559316873550415
1.2472394069035848
1.2438335776329041
1.243723557392756
1.2469686170419056
1.2436816235383352
1.2353328386942546
1.2405006070931752
1.2392702678839365
1.229658321539561
1.232668266693751
1.23104417125384
1.235614154736201
1.235488897562027
1.2367393255233765
1.2449995895226798
1.2401285250981648
1.24649489124616
1.2406682213147482
1.244805202881495
1.2534441987673441
1.2381500005722046
1.2334248741467795
1.2363342305024465
1.2321683645248414
1.2345488806565603
1.2467486679553985
1.2475288073221842
1.2610211332639059
1.259894033273061
1.250290725628535
1.2433694342772166
1.2432102719942728
1.23739546140035
1.2335569103558859
1.2327229003111522
1.2321760098139445
1.232382313410441
1.2312714676062266
1.2266540388266245
1.2250684122244517
1.2258672336737315
1.2296024481455485
1.2214956919352213
1.221418031056722
1.2203989942868552
1.222605433066686
1.2269630551338195
1.2276165465513864
1.220581873257955
1.2250210007031759
1.2259823441505433
1.2298363626003266
1.223086138566335
1.221621419986089
1.2238792300224304
1.21853156487147
1.2147051393985748
1.2169528385003408
1.2199663599332173
1.2150232950846354
1.219828043381373
1.2210884809494018
1.2231535573800405
1.2201773484547933
1.2169250388940176
1.2157492578029632
1.214834741751353
1.2145636240641275
1.214349208275477
1.211749223868052
1.2123772184054056
1.2134105642636617
1.2137531777222952
1.212520134449005
1.2133763213952382
1.2112186888853709
1.21577290892601
1.2131514191627502
1.2095156331857047
1.2127754310766856
1.2152127961317698
1.210175444682439
1.2082585255304972
1.2083633681138357
1.2104578077793122
1.2083951532840729
1.207513548930486
1.2089548965295156
1.2064874748388925
1.2088495254516602
1.2087502618630728
1.2083333392937978
1.209707369407018
1.2117560724417369
1.2136145035425823
1.216043758392334
1.2096517105897269
1.213303695122401
1.2101464331150056
1.2078544199466705
1.2119946857293447
1.208738632996877
1.2062098979949951
1.2072985470294952
1.203401658932368
1.2036899864673614
1.203672593832016
1.2029606739679972
1.2032256821791332
1.2039973378181457
1.2055801133314767
1.2023273229598999
1.203008363644282
1.2028795937697092
1.2015322983264922
1.2051860729853312
1.201419480641683
1.2016311883926392
1.2030607342720032
1.202352237701416
1.2018709500630698
1.20148313442866
1.2005540172259013
1.2013407369454703
1.2006060560544332
1.1992126166820527
1.2025685727596283
1.1973311265309652
1.1994361102581024
1.2020886758963267
1.1980450391769408
1.2007399439811706
1.1987841387589773
1.200361474355062
1.1999022046724954
1.1979353229204814
1.1973851323127747
1.1977974732716878
1.1965981562932333
1.1998917361100514
1.1988662362098694
1.1999031980832418
1.1979872147242228
1.1979954938093822
1.1961055437723795
1.1976293802261353
1.1964549859364828
1.1961707472801208
1.1979695121447245
1.1977154433727264
1.1950620313485463
1.1988897542158763
1.1969263037045796
1.197132263580958
1.193836404879888
1.198851821819941
1.1953109006086986
1.197800443569819
1.1956865608692169
1.1955572982629141
1.1940509378910065
1.1941794713338216
1.1975581725438436
1.1961691896120707
1.1959183851877848
1.1944373428821564
1.1963433305422464
1.1952592194080354
1.1960272471110025
1.1955809553464254
1.19449449578921
1.19578884045283
1.192710777123769
1.195250964164734
1.195309869448344
1.193555482228597
1.1935822983582816
1.1968569914499918
1.1923564513524374
1.1928825080394745
1.1932020942370096
1.1946077585220336
1.1942252119382222
1.1941119929154713
1.1953553915023805
1.1918966094652812
1.1944714486598969
1.1915813048680624
1.1938663204511006
1.194508276383082
1.1956585685412089
1.193117771546046
1.1934045950571697
1.1937700390815735
1.1937136987845103
1.193278706073761
1.1938355048497518
1.1931902666886647
1.1945776244004567
1.1934720277786255
1.1932662745316824
1.1933266560236613
