2522.6040310341173
2534.574953106843
2428.8409925291644
2138.1335286970125
1717.6821755115545
1165.7135656739736
849.9870635819565
683.3534221373767
591.4404159648338
506.4590505507958
414.1267282820949
379.67804056578217
372.60754583021196
299.1196807441844
252.12299039318532
254.68111076865603
244.59018280495022
227.43245815675562
213.91276933859737
207.31736839890428
203.46660669247186
193.4599937372115
178.0560231683112
175.90828231056406
192.63742039418636
181.57404823153442
161.4571452704318
149.30718019650996
132.67173155633216
141.86191890047607
128.20944615277782
120.04740220359915
108.46929342649662
101.01703515936354
96.26240225904989
87.37390916809336
87.54041181239634
80.05720926985113
65.79517533355975
64.8367615855141
59.46182958423585
57.45637263838399
50.498524074101134
45.13361490414935
39.170910564433846
38.0132465613217
33.354838086637905
30.551552108193388
28.377285022128568
24.82485522474013
23.349861011766258
20.397445253561585
18.52998180762901
16.52485958794878
15.14012836626312
14.163551141992663
12.37613412287982
11.288440541912454
10.453336455812753
9.598911131288478
8.832073798354445
8.056148960059291
7.622415917027297
7.545131661801587
6.811787822355486
6.495249454373552
6.135953518834331
5.853775627940454
5.553066441265489
5.4676937742288025
5.222198562339374
5.129062173379545
5.000009041388266
4.900745855260644
4.863209574811106
4.662680418743062
4.619549850778633
4.5550507343882956
4.486230719137712
4.440622490886707
4.372860326090566
4.341147795619654
4.305284862091776
4.281785686446306
4.240089643616175
4.213503011553286
4.209007039919555
4.193671593744247
4.188783032882594
4.1766374817877105
4.129587024807904
4.081638024649648
4.05060936765024
4.041488061163003
4.046881949084579
4.065986198086816
4.143607183686155
4.077138168882267
4.069592615957731
4.060227956559969
4.0347712755667375
4.023552551681703
4.013353015227917
3.9632061610475224
3.982718126431854
3.9499600565194264
3.9007449049999807
3.9384756588124437
3.976345985215984
3.9596564792872204
3.940221211216465
3.929277360348942
3.9436046525042014
3.937352040492111
3.896083900752713
3.8768667478990086
3.8728051247205557
3.9162403118817393
3.917691129319934
3.873754912994549
3.8941444636615183
3.9563093293131417
3.9344005506777244
3.8861893857934646
3.923706551402026
3.854220407333554
3.8544259287684164
3.875343125832719
3.8842802564587235
3.8341440761486103
3.846323686497327
3.8367557010027675
3.8564226330045166
3.858264072835504
3.8705436348254305
3.8305169815239632
3.8200813541773493
3.777996093713844
3.813414830767438
3.8041808801660424
3.7857825304414443
3.776295803339962
3.8111458446593445
3.75771824128285
3.780676789109238
3.7878999245278875
3.826255259847583
3.791608671852495
3.8186530502101252
3.8367518819073756
3.8502212246810044
3.8672621471869753
3.8232963194347005
3.830970856156856
3.8042715648704566
3.805776295568376
3.8398250581980657
3.856750489596229
3.8047347572229393
3.8192399711248908
3.834355619557636
3.8298500126383956
3.8096721133508615
3.8116099118606117
3.7659175890444314
3.748939166543578
3.7488310535182143
3.797415674985524
3.916782434862564
3.861280800567473
3.844620021782494
3.8259928904408076
3.852211464708598
3.7849137865160256
3.801393384282402
3.7414283236092993
3.7417502101788718
3.7496786568216733
3.7586889953763682
3.741567281543709
3.7623853259156337
3.8452094822277947
3.8549787575441825
3.833179651945091
3.838885328026815
3.836956990242856
3.8793390903894105
3.8770066304044795
3.8365818940866148
3.8345145914183125
3.8108674526595654
3.7801169661915304
3.7516934462322094
3.722334074769911
3.6869909586979066
3.7143534273809298
3.729224391988798
3.7167600961406424
3.7266246257790527
3.7456741953877386
3.778637793521087
3.7771205814849877
3.823213354558748
3.781167421494486
3.758735318698644
3.7212174233274165
3.7093464812867394
3.646699453230211
3.662821861653982
3.6434164739715964
3.650172268895348
3.6347059873786742
3.6206053591198004
3.6150763259993637
3.620552566433562
3.6718827331636645
3.647002371775639
3.698597374086513
3.6860808982916717
3.7206016340741113
3.764197658149503
3.7587170895107893
3.7098680203944037
3.6928245597559193
3.7568348585734976
3.7544097522369113
3.7496419809358574
3.7144164805617956
3.7003581957884095
3.6910401964606496
3.67855890586663
3.6226733460022613
3.6373067555991154
3.6300140101440825
3.602730213114666
3.6021087606321025
3.6274819581480515
3.6548640583209098
3.6314465326641545
3.599522689915767
3.5693980133957295
3.571182851850642
3.5517068291440643
3.550747175519963
3.5820841478015613
3.554222539329708
3.5570492725405076
3.5814491148968606
3.692523865742232
3.705519656474452
3.7762005486667185
3.7596587229196494
3.7144356535460026
3.6883154224535954
3.6405564397500463
3.6222071079406364
3.6287284197916194
3.6259948855782724
3.5879963702109974
3.553473650210812
3.564516715232982
3.5728684833019795
3.5587009971270436
3.5395550942747924
3.615312638345864
3.554691877570477
3.543374163680965
3.53882306233637
3.5431191399369513
3.5324858023992984
3.5261201751705458
3.5287349273933364
3.5127675800210403
3.521268537425521
3.54514990542266
3.6005996830810427
3.5637281586081095
3.54647933452752
3.5747326708279465
3.5538065291763226
3.5277104304154587
3.5179312788205457
3.516884064911858
3.497977183861242
3.4900888450559746
3.4974072934281293
3.5101833081343226
3.4876278907307343
3.5260366113200785
3.5810152969393645
3.5523650810826712
3.5555565433332137
3.604913636609906
3.5802167525195716
3.5535611896899244
3.547435100018697
3.5084937839737735
3.51110810594676
3.480720828291783
3.468886252124443
3.4685046254196537
3.4797784119842956
3.4683591807011833
3.439523136597972
3.4573438024479306
3.4530927124855437
3.420060775530464
3.430370478926069
3.424803751545923
3.4404908657454274
3.4400599465702353
3.4443641842248716
3.4729333737761485
3.4560576263647995
3.4781303415846114
3.4579233510070218
3.4722583475327298
3.50238511826706
3.449226491600147
3.432966904910838
3.442969172018899
3.428656057840603
3.436827751461668
3.4790131220668266
3.4817282961302936
3.529023251142853
3.5250479297819726
3.4913578371305687
3.467276565210524
3.466724749472099
3.446624896725688
3.433420210772685
3.4305578975939923
3.4286822710076037
3.4293896934607457
3.4255822854218927
3.4098013648669383
3.404398977331272
3.4071195707457864
3.419869690465542
3.3922577136165195
3.3919942781318317
3.388539471825533
3.396024331128481
3.4108552119125535
3.413084904983395
3.3891592211055
3.404237573422959
3.4075117884778816
3.420669740987642
3.3976572111371524
3.3926842423796466
3.400352932877687
3.382217518278869
3.3693004438837804
3.3768821349531937
3.387073790316311
3.370372576521552
3.3866053343471467
3.390876630224053
3.3978862848775586
3.387788499402854
3.376788260264088
3.372820229703963
3.3697371414464286
3.3688236699408183
3.3681014183906384
3.359355781406742
3.3614661010517417
3.3649414534361783
3.3660945251833096
3.361946542818198
3.3648262301615346
3.3575739983363513
3.3729000016335746
3.3640695583222193
3.3518607291901215
3.3628049460020786
3.3710113261739885
3.3540730552135045
3.3476497268044954
3.3480007214492375
3.3550202553894075
3.3481071399133784
3.345156734818638
3.3499817448697495
3.341726116495998
3.3496287722793747
3.3492962926088383
3.3479001864475677
3.3525034639164994
3.359378788281126
3.365627767150585
3.373813673527168
3.352316872731504
3.3645818642474934
3.3539757497083857
3.346297196158197
3.360180476341026
3.349257344316864
3.340798659433669
3.3444375970723015
3.331430058929716
3.33239074043542
3.332332781882471
3.3299612722440997
3.3308438562648504
3.333415112643861
3.3386953380633453
3.3278529056539297
3.3301200808059486
3.3296912892691393
3.3252082320472103
3.3373800165585497
3.3248331109135085
3.3255370783687788
3.3302944858517782
3.327935819281759
3.3263345102867516
3.325044755868015
3.321956834328047
3.3245713115727242
3.322129709568212
3.3175037469784576
3.328655846351691
3.311267764661595
3.3182452706142262
3.3270588180870937
3.313632564622858
3.3225745324049183
3.3160825743554474
3.321317276795458
3.319792246690894
3.313269025206042
3.3114465970949554
3.312812323713352
3.308841593205292
3.319757493420367
3.31635482745724
3.3197955446098253
3.3134409611730353
3.313468393546481
3.307212017814532
3.3122555098000994
3.3083678990842493
3.3074276666693923
3.31338230524019
3.312540585198654
3.303762701001168
3.3164328224271324
3.3099275591773742
3.310609341655791
3.2997160023656997
3.3163070245701416
3.3045850082995454
3.3128221637682205
3.30582664276643
3.3053993506156445
3.3004239763146996
3.300848218435191
3.3120196601593412
3.307422514799
3.306593102613776
3.3016995230349973
3.3079985225840214
3.3044142277917317
3.3069530842920187
3.305477547649073
3.301888230153485
3.3061647786308526
3.2960038400945253
3.3043869491609086
3.3045816007442532
3.2987891675883447
3.298877629532563
3.3096981485862997
3.294836187868426
3.2965699144569967
3.2976236210669425
3.302262232217758
3.3009992046808114
3.3006254899329646
3.304732035510474
3.293321432478606
3.3018121319853924
3.2922831967796724
3.2998147167312912
3.3019337324477194
3.30573410627787
3.2973455682926724
3.2982914601714888
3.2994970213454975
3.299311131939737
3.297876267747207
3.299713032523193
3.2975846184947937
3.3021627229454937
3.2985138804399203
3.2978352703144456
3.298034404540318
