1.1322468519210815
1.182891607284546
1.2498745918273926
1.2183500528335571
1.1761530637741089
1.27388334274292
1.137190818786621
1.1777379512786865
1.191145420074463
1.1777698993682861
1.2747256755828857
1.2339195013046265
1.2462987899780273
1.1847034692764282
1.2080340385437012
1.2019044160842896
1.1730287075042725
1.1643072366714478
1.2258762121200562
1.1511986255645752
1.137962818145752
1.195102334022522
1.248169183731079
1.2064529657363892
1.1563153266906738
1.2327556610107422
1.1717325448989868
1.2059555053710938
1.2730623483657837
1.1368392705917358
1.1612415313720703
1.1690412759780884
1.1316496133804321
1.1359277963638306
1.1741135120391846
1.1659480333328247
1.2081093788146973
1.2398768663406372
1.2420775890350342
1.2247494459152222
1.140758991241455
1.2383116483688354
1.335777759552002
1.1375559568405151
1.179764747619629
1.2495383024215698
1.1299549341201782
1.2112945318222046
1.1993314027786255
1.280354380607605
1.1455409526824951
1.152662754058838
1.1887366771697998
1.148447871208191
1.2610942125320435
1.1436933279037476
1.156440258026123
1.134385347366333
1.1596328020095825
1.2079992294311523