0.7637107791379094
0.7652547927573323
0.7647855766117573
0.7685040896758437
0.7683800524100661
0.7668946739286184
0.7675390783697367
0.7664980180561543
0.7684907829388976
0.7667851243168116
0.7687771217897534
0.7675154767930508
0.7695234892889857
0.7719642175361514
0.7733578737825155
0.7711530346423388
0.7726962948217988
0.7754782540723681
0.7722852984443307
0.7810456287115812
0.7776600737124681
0.7796318866312504
0.7751309797167778
0.7802478251978755
0.7789904680103064
0.7811761200428009
0.783382710069418
0.7819474982097745
0.7783558182418346
0.7789449635893106
0.7797504337504506
0.7840033806860447
0.7777255084365606
0.7797650536522269
0.7798856617882848
0.7826916929334402
0.7864115172997117
0.7820976469665766
0.7860492244362831
0.7854653494432569
0.7868914073333144
0.7858298942446709
0.7871846370398998
0.7849492663517594
0.7912631873041391
0.7849795408546925
0.7850845148786902
0.7840685546398163
0.7879662793129683
0.7863773880526423
0.785480834543705
0.7928513884544373
0.7909931940957904
0.7944886302575469
0.7921442985534668
0.7866813074797392
0.7877879375591874
0.7945325877517462
0.7921942844986916
0.7911153072491288
0.7960923025384545
0.7931827735155821
0.789789542555809
0.7921825991943479
0.7969940351322293
0.8014055043458939
0.7989474404603243
0.8002153933048248
0.8071099128574133
0.8229298237711191
0.8262738781049848
0.845664725638926
0.8458387544378638
0.8220266252756119
0.8161319922655821
0.8152225557714701
0.8126118928194046
0.8106272416189313
0.8039349066093564
0.8031257754191756
0.8015336394309998
0.8007964910939336
0.8048126632347703
0.8031260464340448
0.8015410173684359
0.8010390214622021
0.7983271358534694
0.7975939633324742
0.8025624547153711
0.8096650671213865
0.803871282376349
0.80409777443856
0.8005733024328947
0.802255597896874
0.8030080469325185
0.8084690105170012
0.8135788040235639
0.8244818253442645
0.8382555609568954
0.8593011787161231
0.8846627045422792
