2.146225631419162
2.149541992619013
2.148533629399137
2.1565378524495866
2.156270377979567
2.15306987792534
2.1544577728515124
2.152216019469616
2.1565091561585974
2.1528340228751706
2.157126736926696
2.1544069248512185
2.1587373471936737
2.1640126736154586
2.1670306659286918
2.1622579753394593
2.1655974781685936
2.171630469983763
2.164707608329179
2.1837544684930776
2.1763737486018035
2.180669384178455
2.1708764493453128
2.182012956289692
2.1792711107165776
2.184039448114009
2.188864048778212
2.1857248184054465
2.17788847560166
2.1791719465027137
2.1809279115754134
2.190223034074573
2.17651616367696
2.1809597967603405
2.181222854119355
2.187352028688243
2.195503746141104
2.1860530269090743
2.194708474871498
2.1934274135022807
2.196557599354217
2.1942271618263423
2.197201789737836
2.192295714752158
2.2061814873041175
2.192362086419884
2.1925922395699957
2.1903657842210906
2.198919886920376
2.1954288165299634
2.1934613792090847
2.20968813117084
2.205585913690194
2.213308888169582
2.208126235274478
2.1960961514009942
2.1985277626584225
2.2134061818205715
2.2082366133101763
2.2058552611861746
2.216861157859544
2.2104205101503234
2.2029327538688914
2.2082108095440494
2.2188610753813514
2.228671135183687
2.223199646542725
2.226020346737965
2.241420715611274
2.277161756287277
2.2847894555394856
2.3295257955447526
2.329931235399128
2.275105955752701
2.2617344897449025
2.2596785208881944
2.2537869556818335
2.2493184104132347
2.2343154763929336
2.2325083532507226
2.2289567244458786
2.2273142581480854
2.2362775225791496
2.232508958293764
2.2289731696098047
2.227854515007063
2.2218210131905316
2.220192632092172
2.231251089228594
2.2471552144547564
2.234173324306658
2.2346794041395865
2.226817202331771
2.2305665196558775
2.232245538891517
2.244469096314319
2.255967221432898
2.2806986588445604
2.3123297381707646
2.3615098436075876
2.4221672676699963