5.184851777440457
5.029711495314422
5.2212617993581
5.1233047416585675
5.121437288280682
5.0834429858531625
5.047921663353067
5.073661304741702
5.014138475993553
5.020782037116092
4.984568567113135
5.002279780711802
5.157666256305615
5.061226763354307
5.062000894275064
5.056330446862179
5.119580621375531
5.044060744732562
5.013024764450044
5.0280972895178895
4.976996183847793
5.000461340945857
4.990931807161508
5.012344712686267
5.113633531682631
5.392716945597524
5.27050431358294
5.24170769975579
5.228561561881252
5.220319200331165
5.214433049703232
5.209915100148326
5.206287740530054
5.203285750763692
5.20075063180652
5.198577231021715
5.196693691854459
5.1950501603012516
5.193606904878562
5.192334185786673
5.191209902935282
5.1902133313709236
5.189327996053098
5.188542250573522
5.187841965170468
5.187214521846011
5.1866589003315005
5.1861587727092475
5.185711100974617
5.185307801697241
5.184942367452372
5.18460939975572
5.1843034537965025
5.184019250344958
5.183752917157631
5.183499107686573
5.183254732895621
5.1830165891991165
5.1827821025812195
5.18255072671503
5.182322115237618
5.182097192507315
5.181877777200949
5.1816652641803085
5.181461752071779
5.181267709750152
5.181083234573451
5.180907358028405
5.18073824279901
5.180574746828604
5.180415475798287
5.180259742953972
5.180106802185754
5.179956123272427
5.1798074715051525
5.1796604905680415
5.179514597036807
5.179369204410792
5.1792247728785705
5.1790808467756415
5.1789367599776845
5.178791492035086
5.178645102484629
5.178497510435911
5.178347772167575
5.1781959030614635
5.178041899317356
5.177882898102675
5.177727471628497
5.177588315887741
5.177267860687661
5.178114615988686
5.177566443267764
5.17873480016864
5.17879044878415
5.184414410817329
5.189284232897822
5.191737961633382
5.184398142255461
5.179196974629469
5.177479414243173
5.176433257043248
5.175464216807762
5.174628966040132
5.17429911868622
5.174206176880867
5.1741062166116265
5.1738386849072215
5.173727200922523
5.173727699294262
5.173546535919016
5.173150562199515
5.173215337315366
5.175105989047201
5.1739720411499714
5.17684668046926
5.179697702324594
5.178322466139097
5.1759488299404195
5.173638154885801
5.173119016209409
5.17228727449276
5.171972139781974
5.171786463373753
5.1717311178710474
5.171351526720022
5.171226512141653
5.171462954425269
5.171092326908003
5.172447343388364
5.17221923209232
5.172975105669286
5.173627534536981
5.171891845833418
5.172237722335323
5.170900693926006
5.170768753174813
5.169961813505053
5.170074157244341
5.169551966629173
5.169263378266366
5.169332297612865
5.168889288748464
5.1693694693766234
5.169461467460618
5.169850330606131
5.170957417279991
5.170013406742682
5.172075432663398
5.1694985384280585
5.169150606549895
5.168466246422147
5.168092118721081
5.16791136956984
5.167512736600988
5.167256301901598
5.167262730969424
5.167092105785855
5.167153942607611
5.167453192035885
5.1674088302554395
5.168288940089477
5.168334055037381
5.168369636137526
5.168018399696423
5.167326006084059
5.1668045782273815
5.166280919098537
5.166003100921804
5.165886472524683
5.165568400967506