178.54698313755736
152.88889716894658
185.16768118771077
167.88928455680107
167.57605171014373
161.32855274331203
155.69853401559342
159.75818124406322
150.526398781593
151.5297593657053
146.14051160050968
148.75189453461644
173.75847431745137
157.7839612250767
157.9061539587449
157.01328928008223
167.26520745725153
155.0985536294597
150.35884911198613
152.64230210604617
145.03805900085746
148.48164396599577
147.07340371705882
150.25663207182657
166.27341831860502
219.79975901756714
194.5140337832697
188.992569553638
186.5243067855414
184.99322454585084
183.90752499124787
183.07851419518602
182.4156255803603
181.86883687682544
181.40836166707317
181.01451673792758
180.67388969869876
180.37719034430057
180.1170477574624
179.88795516818675
179.68582387268535
179.50684328838892
179.3479898698813
179.20712334743408
179.08167114613002
178.9693427905604
178.86993119343674
178.78049576648434
178.70047870385133
178.62842346081376
178.56315844353668
178.50371257728867
178.44910844110362
178.39839979468715
178.3508927068936
178.30563130528213
178.2620632275932
178.21961629534485
178.1778310795053
178.13660979849226
178.09589037958557
178.05583707028433
178.01677318000782
177.97894631730745
177.94272913211137
177.90820406160472
177.87538744124296
177.84410608356012
177.81403247978722
177.78496297843307
177.75664923904364
177.72896884589082
177.70178891937334
177.67501502410408
177.64860528209633
177.62249624242804
177.59658415947314
177.5707648027484
177.54511983712567
177.51956829874422
177.4939919152272
177.4682096009153
177.4422320109617
177.41604488096377
177.38948089850015
177.36254296217447
177.33523056965322
177.30703629410837
177.27948022813678
177.25481248711344
177.1980193610251
177.34812626619012
177.25093550236096
177.45814888206138
177.46802445713604
178.4689097210706
179.34014120769444
179.78073359165242
178.46600631218843
177.54018446225535
177.23551019757065
177.05019094593163
176.8787052888745
176.73102889650005
176.67274424731164
176.65632472654633
176.6386669953141
176.5914168724038
176.57173085494546
176.57181885332804
176.53983340403465
176.46994210803305
176.48137333920292
176.81535377420104
176.61496801057055
177.12340277514835
177.62910601049626
177.38499193204404
176.96444380567263
176.55600854213088
176.46437527679132
176.317663515975
176.26210845420033
176.22938377719134
176.21963054325605
176.1527518249527
176.1307315394119
176.17238121547012
176.10709898165283
176.34588874858014
176.30566684705505
176.43898202045523
176.5541334656909
176.24795624170787
176.3089268118166
176.07335428652573
176.05012456840302
175.9081200412713
175.92788332736768
175.8360394198482
175.78530250650294
175.79741793216465
175.71955536585895
175.80395275370807
175.82012712451422
175.888510387196
176.08334204099495
175.91719594483504
176.280316015608
175.82664506753474
175.7654800139382
175.6452342779689
175.57953282139903
175.54779983780762
175.4778346433259
175.43284180665842
175.43396967992282
175.40403878019725
175.41488554383992
175.46738620305393
175.45960233004635
175.61409402639157
175.62201702581623
175.6282659615631
175.5665897465708
175.44507063566863
175.3536125349954
175.26181105345535
175.2131268996421
175.19269326509138
175.13697831347892