10.07627348623414
4.068209510134614
3.1884452162877372
3.0075437491354733
2.952191426702168
2.9163701452206876
2.8724149247442465
2.810170743128528
2.7455111467751903
2.6623008529777112
2.613054974787477
2.535110656549965
2.4697183893210646
2.377189160689064
2.3030990686105643
2.1710957943097404
2.0699575394392014
1.9609707082095353
1.8420939916285917
1.7242762886959573
1.6205652209295742
1.5102624456951583
1.425541997063851
1.3493966661069705
1.3027311561332233
1.2560416155535241
1.236698764713778
1.185103595688723
1.1663311389477358
1.1509733727012856
1.1189887220228927
1.09693566871726
1.0947353295657947
1.0689430282167767
1.0517713118722474
1.0379186503697133
1.0234419444332952
1.0160542659569478
1.0071692230260891
0.9878421215259511
0.9895359880250433
0.9831882276828738
0.976857597305291
0.9717040946302207
0.9687074101057606
0.9676400654125905
0.958730002352293
