23772.23272301882
58.452210750364046
24.250693533345043
20.237630130209055
19.147868935680197
18.474107279758165
17.679661741250236
16.612754490318014
15.572571768040895
14.329220628796998
13.640659133081584
12.617827015993557
11.819117993104847
10.774574662029671
10.005141077246183
8.767886578798183
7.924486632559401
7.106221786060655
6.309736973608371
5.608460654226823
5.05594723628917
4.5279189712334995
4.160112000316898
3.855098917067473
3.6793317872190086
3.5114940969507833
3.4442244808582667
3.2710256680710397
3.210193253613704
3.1612685050609084
3.061756350393384
2.9949743543735927
2.988391639802174
2.912299654049985
2.862717395068995
2.8233345484224595
2.782756392101237
2.7622740342920977
2.737839821171204
2.6854333766935197
2.689985997002832
2.6729646913094487
2.656096589031824
2.642443598733018
2.63453688177904
2.631726422950283
2.608381730348827
